1`(554,"Physics",36,794,823,0,0,0,0,0,0,"No")++
1`(555,"Physics",0,815,787,146,138,144,132,141,0,"No")++
1`(556,"Physics",43,908,796,165,126,129,162,130,0,"No")++
1`(557,"Physics",62,847,862,151,170,175,158,128,0,"No")++
1`(558,"Physics",79,911,952,156,169,42,185,189,166,"Yes")++
1`(559,"Physics",48,748,753,125,129,161,110,142,0,"No")++
1`(560,"Physics",53,805,723,114,102,124,0,161,0,"No")++
1`(561,"Physics",53,630,768,40,34,75,31,67,26,"No")++
1`(562,"Physics",45,738,750,129,137,125,130,0,0,"No")++
1`(563,"Physics",0,754,691,91,103,156,115,141,0,"No")++
1`(564,"Physics",0,781,833,130,148,39,162,145,163,"No")++
1`(565,"Physics",0,891,813,128,116,163,149,178,39,"No")++
1`(566,"Physics",50,725,542,112,89,60,88,0,0,"No")++
1`(567,"Physics",53,798,690,133,136,125,27,126,103,"No")++
1`(568,"Physics",28,865,846,120,136,187,138,182,43,"No")++
1`(569,"Physics",77,884,951,137,39,181,0,45,0,"Yes")++
1`(570,"Physics",47,969,981,178,191,0,0,0,0,"Yes")++
1`(571,"Physics",50,559,657,113,115,125,105,133,34,"No")++
1`(572,"Physics",1,817,722,0,0,0,0,0,0,"No")++
1`(573,"Physics",56,907,847,147,148,47,149,172,142,"No")++
1`(574,"Physics",0,843,858,154,131,179,145,173,0,"No")++
1`(575,"Physics",47,721,701,104,149,46,131,92,140,"No")++
1`(576,"Physics",48,780,745,145,119,148,0,0,0,"No")++
1`(577,"Physics",49,820,859,152,151,48,172,132,163,"No")++
1`(578,"Physics",50,764,803,139,115,137,181,139,92,"No")++
1`(579,"Physics",56,919,874,148,178,143,164,33,168,"No")++
1`(580,"Physics",0,712,819,0,0,0,0,0,0,"No")++
1`(581,"Physics",44,791,674,137,124,117,132,87,35,"No")++
1`(582,"Physics",0,815,885,161,146,178,140,179,38,"No")++
1`(583,"Physics",51,891,884,132,158,39,162,187,165,"No")++
1`(584,"Physics",23,742,844,48,73,82,46,78,72,"No")++
1`(585,"Physics",47,754,679,0,0,0,0,0,0,"No")++
1`(586,"Physics",50,705,675,100,124,91,151,139,40,"No")++
1`(587,"Physics",58,887,823,148,142,152,168,0,0,"No")++
1`(588,"Physics",0,877,914,149,165,46,171,161,175,"Yes")++
1`(589,"Physics",50,869,870,142,177,130,181,74,71,"No")++
1`(590,"Physics",729,689,729,136,136,39,106,115,120,"No")++
1`(591,"Physics",36,817,750,140,141,143,107,138,44,"No")++
1`(592,"Physics",60,791,884,140,45,47,182,140,171,"No")++
1`(593,"Physics",19,839,808,86,60,45,69,62,60,"No")++
1`(594,"Physics",50,734,799,0,0,0,0,0,0,"No")++
1`(595,"Physics",0,832,291,89,106,105,118,41,97,"No")++
1`(596,"Physics",58,809,805,141,128,46,156,131,162,"No")++
1`(597,"Physics",0,635,861,41,0,103,0,46,0,"No")++
1`(598,"Physics",51,807,777,141,134,143,137,134,45,"No")++
1`(599,"Physics",49,788,846,157,148,160,151,0,0,"No")++
1`(600,"Physics",48,867,768,148,126,44,122,128,175,"No")++
1`(601,"Physics",55,870,843,142,139,44,158,144,172,"No")++
1`(602,"Physics",27,901,853,154,181,133,0,0,0,"No")++
1`(603,"Physics",0,806,775,145,133,104,0,0,0,"No")++
1`(604,"Physics",0,801,606,117,113,107,98,44,92,"No")++
1`(605,"Physics",51,850,821,144,144,141,136,165,0,"No")++
1`(606,"Physics",50,777,830,170,160,125,140,140,40,"No")++
1`(607,"Physics",46,678,613,118,120,45,105,89,99,"No")++
1`(608,"Physics",52,777,751,161,128,149,136,99,37,"No")++
1`(609,"Physics",48,794,726,133,131,43,111,110,156,"No")++
1`(610,"Physics",2,739,625,48,64,58,32,48,37,"No")++
1`(611,"Physics",0,808,672,128,0,0,0,0,0,"No")++
1`(612,"Physics",65,633,545,85,130,73,110,68,0,"No")++
1`(613,"Physics",0,828,817,142,132,165,128,155,48,"No")++
1`(614,"Physics",0,719,714,114,148,152,124,90,44,"No")++
1`(615,"Physics",55,952,918,155,178,44,150,166,179,"Yes")++
1`(616,"Physics",50,749,686,126,128,89,128,93,122,"No")++
1`(617,"Physics",70,994,950,153,41,178,188,45,178,"Yes")++
1`(618,"Physics",66,840,829,156,138,134,188,0,0,"No")++
1`(619,"Physics",0,726,863,0,0,0,0,0,0,"No")++
1`(620,"Physics",40,741,563,142,102,85,63,33,95,"No")++
1`(621,"Physics",58,957,863,148,147,49,181,130,167,"No")++
1`(622,"Physics",0,767,714,127,107,130,153,108,42,"No")++
1`(623,"Physics",63,806,776,149,131,37,138,117,163,"No")++
1`(624,"Physics",73,828,974,170,157,189,178,185,48,"Yes")++
1`(625,"Physics",28,857,821,133,117,41,166,166,153,"No")++
1`(626,"Physics",55,780,734,137,151,93,144,0,0,"No")++
1`(627,"Physics",59,928,947,181,177,161,183,0,0,"Yes")++
1`(628,"Physics",0,731,744,0,0,0,0,0,0,"No")++
1`(629,"Physics",50,722,754,159,172,141,109,86,80,"No")++
1`(630,"Physics",0,873,835,0,0,0,0,0,0,"No")++
1`(631,"Physics",0,845,821,172,147,157,149,113,45,"No")++
1`(632,"Physics",48,685,658,97,130,119,90,0,0,"No")++
1`(633,"Physics",53,816,784,130,119,35,153,117,191,"No")++
1`(634,"Physics",0,747,909,153,168,45,168,153,179,"No")++
1`(635,"Physics",10,894,896,178,152,179,129,164,47,"No")++
1`(636,"Physics",51,804,843,117,139,43,163,175,169,"No")++
1`(637,"Physics",53,758,769,143,148,146,132,116,46,"No")++
1`(638,"Physics",63,966,921,138,167,45,183,172,176,"Yes")++
1`(639,"Physics",53,727,840,106,0,91,0,0,0,"No")++
1`(640,"Physics",54,760,916,135,158,45,191,174,168,"Yes")++
1`(641,"Physics",50,761,626,0,0,0,0,0,0,"No")++
1`(642,"Physics",47,754,851,173,154,167,147,125,40,"No")++
1`(643,"Physics",32,714,597,89,132,40,96,116,86,"No")++
1`(644,"Physics",53,758,769,143,148,146,132,116,46,"No")++
1`(645,"Physics",63,966,921,138,167,45,183,172,176,"Yes")++
1`(646,"Physics",53,963,914,159,189,136,170,43,172,"No")++
1`(647,"Physics",43,688,699,153,91,147,89,140,44,"No")++
1`(648,"Physics",50,890,811,138,146,44,152,144,145,"No")++
1`(649,"Physics",46,837,842,140,159,138,158,45,158,"No")++
1`(650,"Physics",60,686,902,159,142,49,183,176,150,"Yes")++
1`(651,"Physics",44,663,747,148,116,43,128,129,129,"No")++
1`(652,"Physics",53,874,884,113,170,176,186,47,45,"No")++
1`(653,"Physics",0,823,716,124,153,143,102,0,0,"No")++
1`(654,"Physics",56,912,942,159,154,182,175,180,46,"Yes")++
1`(655,"Physics",53,860,815,147,163,152,143,123,0,"No")++
1`(656,"Physics",52,672,839,148,160,137,142,165,44,"No")++
1`(657,"Physics",48,776,762,134,130,124,141,145,88,"No")++
1`(658,"Physics",43,733,707,116,47,100,91,160,148,"No")++
1`(659,"Physics",0,684,598,0,0,0,0,0,0,"No")++
1`(660,"Physics",53,886,775,0,0,0,0,0,0,"No")++
1`(661,"Physics",0,745,796,0,0,0,0,0,0,"No")++
1`(662,"Physics",0,681,776,170,148,172,112,114,0,"No")++
1`(663,"Physics",53,752,624,136,132,100,118,73,31,"No")++
1`(664,"Physics",40,738,812,141,141,45,128,154,156,"No")++
1`(665,"Physics",0,602,641,0,0,0,0,0,0,"No")++
1`(666,"Physics",66,942,970,191,0,174,0,198,0,"Yes")++
1`(667,"Physics",67,836,804,131,139,48,162,126,172,"No")++
1`(668,"Physics",50,653,643,125,72,32,103,139,129,"No")++
1`(669,"Physics",61,732,810,148,146,113,143,77,183,"No")++
1`(670,"Physics",52,868,729,153,115,106,116,148,49,"No")++
1`(671,"Physics",53,805,891,165,143,170,156,167,44,"Yes")++
1`(672,"Physics",0,783,799,150,149,38,144,134,138,"No")++
1`(673,"Physics",50,906,761,117,118,48,157,129,147,"No")++
1`(674,"Physics",57,744,749,118,169,126,0,0,0,"No")++
1`(675,"Physics",56,752,684,0,0,0,0,0,0,"No")++
1`(676,"Physics",46,770,849,0,0,0,0,0,0,"No")++
1`(677,"Physics",50,722,843,0,0,0,0,0,0,"No")++
1`(678,"Physics",57,797,820,151,151,112,147,45,179,"No")++
1`(679,"Physics",39,667,693,105,157,103,144,31,112,"No")++
1`(680,"Physics",0,739,695,131,123,133,106,129,37,"No")++
1`(681,"Physics",23,885,901,135,147,85,181,163,190,"Yes")++
1`(682,"Physics",40,620,739,140,126,119,136,129,45,"No")++
1`(683,"Physics",1,777,578,82,113,76,38,111,119,"No")++
1`(684,"Physics",19,839,808,86,60,45,69,62,60,"No")++
1`(685,"Physics",0,745,796,0,0,0,0,0,0,"No")++
1`(686,"Physics",58,957,863,148,147,49,181,130,167,"No")++
1`(687,"Physics",56,752,684,0,0,0,0,0,0,"No")++
1`(688,"Physics",53,844,865,166,138,172,151,148,45,"No")++
1`(689,"Physics",45,922,931,140,178,168,182,47,170,"No")++
1`(690,"Physics",49,680,694,139,108,109,130,0,0,"No")++
1`(691,"Physics",62,702,721,109,140,32,118,157,122,"No")++
1`(692,"Physics",50,851,709,126,89,41,129,125,161,"No")++
1`(693,"Physics",50,649,699,172,114,89,126,117,42,"No")++
1`(694,"Physics",1,749,780,167,124,94,46,147,164,"No")++
1`(695,"Physics",50,674,881,166,143,163,172,0,0,"No")++
1`(696,"Physics",0,811,885,162,148,46,151,172,170,"No")++
1`(697,"Physics",43,677,724,125,94,48,117,44,154,"No")++
1`(698,"Physics",58,889,761,161,144,46,122,43,109,"No")++
1`(699,"Physics",43,839,831,135,161,112,172,165,43,"No")++
1`(700,"Physics",0,780,783,154,139,44,165,133,104,"No")++
1`(701,"Physics",51,852,775,147,159,41,115,132,136,"No")++
1`(702,"Physics",0,904,877,155,131,48,175,164,158,"No")++
1`(703,"Physics",65,883,880,0,0,0,0,0,0,"No")++
1`(704,"Physics",0,765,565,134,100,30,116,69,70,"No")++
1`(705,"Physics",58,822,758,144,154,127,114,146,42,"No")++
1`(706,"Physics",49,833,844,154,155,155,144,158,43,"No")++
1`(707,"Physics",44,677,579,107,89,77,125,95,43,"No")++
1`(708,"Physics",54,799,757,144,119,128,141,147,38,"No")++
1`(709,"Physics",0,693,577,110,97,60,117,0,0,"No")++
1`(710,"Physics",66,723,730,116,133,148,132,116,43,"No")++
1`(711,"Physics",0,864,751,0,0,0,0,0,0,"No")++
1`(712,"Physics",58,748,741,125,155,44,132,125,118,"No")++
1`(713,"Physics",38,725,815,0,0,0,0,0,0,"No")++
1`(714,"Physics",0,774,658,114,134,34,106,111,124,"No")++
1`(715,"Physics",41,865,832,0,0,0,0,0,0,"No")++
1`(716,"Physics",47,650,642,0,0,0,0,0,0,"No")++
1`(717,"Physics",1,842,800,142,151,116,157,42,149,"No")++
1`(718,"Physics",57,878,757,142,132,43,123,153,126,"No")++
1`(719,"Physics",50,873,837,44,150,146,156,154,39,"No")++
1`(720,"Physics",57,866,883,145,161,144,164,49,179,"No")++
1`(721,"Physics",0,884,765,84,46,41,168,122,160,"No")++
1`(722,"Physics",0,761,631,0,0,0,0,0,0,"No")++
1`(723,"Physics",46,901,756,134,120,137,157,124,45,"No")++
1`(724,"Physics",44,707,600,116,115,128,80,44,81,"No")++
1`(725,"Physics",42,551,618,0,0,0,0,0,0,"No")++
1`(726,"Physics",58,557,772,144,144,143,140,130,38,"No")++
1`(727,"Physics",50,746,833,0,0,0,0,0,0,"No")++
1`(728,"Physics",0,915,940,157,180,40,186,42,184,"Yes")++
1`(729,"Physics",55,764,817,144,39,140,154,42,164,"No")++
1`(730,"Physics",0,828,844,160,120,187,41,156,133,"No")++
1`(731,"Physics",100,922,797,140,142,141,119,43,174,"No")++
1`(732,"Physics",50,808,691,147,136,82,143,100,43,"No")++
1`(733,"Physics",0,905,790,0,0,0,0,0,0,"No")++
1`(734,"Physics",0,738,678,134,41,113,120,36,157,"No")++
1`(735,"Physics",54,652,704,147,148,108,93,127,0,"No")++
1`(736,"Physics",0,864,751,0,0,0,0,0,0,"No")++
1`(737,"Physics",58,748,741,125,155,44,132,125,118,"No")++
1`(738,"Physics",49,819,695,131,126,43,138,98,122,"No")++
1`(739,"Physics",0,711,817,154,153,125,153,0,0,"No")++
1`(740,"Physics",0,892,741,0,0,0,0,0,0,"No")++
1`(741,"Physics",0,705,628,109,99,103,93,146,43,"No")++
1`(742,"Physics",51,871,793,0,0,0,0,0,0,"No")++
1`(743,"Physics",45,646,644,74,47,37,43,43,52,"No")++
1`(744,"Physics",65,943,924,182,157,153,156,151,46,"No")++
1`(745,"Physics",0,848,896,180,160,141,170,0,0,"Yes")++
1`(746,"Physics",0,738,588,84,91,107,100,126,41,"No")++
1`(747,"Physics",60,937,918,177,170,176,132,167,50,"Yes")++
1`(748,"Physics",52,910,888,175,127,185,168,143,46,"No")++
1`(749,"Physics",63,732,666,134,97,46,143,113,89,"No")++
1`(750,"Physics",50,656,677,114,90,98,0,0,0,"No")++
1`(751,"Physics",43,630,672,146,139,106,69,141,43,"No")++
1`(752,"Physics",0,787,640,0,0,0,0,0,0,"No")++
1`(753,"Physics",49,707,652,108,113,73,151,84,123,"No")++
1`(754,"Physics",55,764,625,89,103,36,97,122,144,"No")++
1`(755,"Physics",0,843,830,57,80,47,78,64,88,"No")++
1`(756,"Physics",67,924,914,167,161,84,179,150,173,"Yes")++
1`(757,"Physics",0,664,669,125,85,93,149,0,0,"No")++
1`(758,"Physics",60,771,854,178,140,169,41,44,142,"No")++
1`(759,"Physics",51,731,880,143,146,45,165,161,172,"No")++
1`(760,"Physics",48,924,768,135,138,152,87,150,0,"No")++
1`(761,"Physics",0,808,881,135,41,43,185,187,165,"No")++
1`(762,"Physics",54,815,818,118,157,130,168,159,46,"No")++
1`(763,"Physics",56,934,896,162,172,162,161,148,43,"No")++
1`(764,"Physics",54,739,821,161,161,163,0,0,0,"No")++
1`(765,"Physics",63,744,723,151,135,126,114,126,39,"No")++
1`(766,"Physics",0,949,805,144,149,120,150,0,0,"No")++
1`(767,"Physics",57,897,863,165,150,164,148,92,144,"No")++
1`(768,"Physics",0,816,923,153,169,39,172,162,181,"Yes")++
1`(769,"Physics",50,604,515,81,82,116,0,71,0,"No")++
1`(770,"Physics",56,921,821,120,49,43,158,134,173,"No")++
1`(771,"Physics",44,744,686,131,92,47,138,88,150,"No")++
1`(772,"Physics",60,832,683,131,89,38,122,121,137,"No")++
1`(773,"Physics",54,819,904,154,147,164,173,180,44,"Yes")++
1`(774,"Physics",0,786,847,150,158,47,146,146,158,"No")++
1`(775,"Physics",58,683,771,119,142,135,149,141,39,"No")++
1`(776,"Physics",49,917,772,139,154,130,137,139,0,"No")++
1`(777,"Physics",55,774,929,166,185,174,174,0,0,"Yes")++
1`(778,"Physics",52,738,794,114,129,160,161,141,48,"No")++
1`(779,"Physics",52,858,819,149,41,146,40,150,162,"No")++
1`(780,"Physics",0,662,755,0,0,0,0,0,0,"No")++
1`(781,"Physics",54,814,675,114,122,104,129,125,0,"No")++
1`(782,"Physics",0,744,660,55,72,35,52,55,43,"No")++
1`(783,"Physics",42,843,810,122,168,134,148,0,0,"No")++
1`(784,"Physics",47,633,559,127,100,86,97,80,69,"No")++
1`(785,"Physics",0,798,725,134,150,106,127,47,115,"No")++
1`(786,"Physics",0,636,707,137,129,132,127,40,40,"No")++
1`(787,"Physics",49,684,691,81,119,136,131,138,44,"No")++
1`(788,"Physics",0,768,744,148,156,130,93,48,136,"No")++
1`(789,"Physics",43,782,823,153,154,43,158,144,125,"No")++
1`(790,"Physics",42,793,689,136,139,135,0,0,0,"No")++
1`(791,"Physics",57,585,641,97,92,40,145,24,100,"No")++
1`(792,"Physics",0,811,690,0,0,0,0,0,0,"No")++
1`(793,"Physics",0,739,811,161,120,151,145,45,146,"No")++
1`(794,"Physics",0,592,696,0,0,0,0,0,0,"No")++
1`(795,"Physics",56,782,817,169,114,38,38,162,177,"No")++
1`(796,"Physics",55,837,796,144,143,136,142,0,0,"No")++
1`(797,"Physics",53,793,748,152,0,108,0,122,0,"No")++
1`(798,"Physics",0,842,852,82,75,45,62,62,74,"No")++
1`(799,"Physics",47,890,700,0,0,0,0,0,0,"No")++
1`(800,"Physics",0,736,823,145,143,42,176,108,171,"No")++
1`(801,"Physics",55,873,863,150,45,136,173,166,148,"No")++
1`(802,"Physics",55,863,779,136,158,151,120,136,39,"No")++
1`(803,"Physics",62,702,721,109,140,32,118,157,122,"No")++
1`(804,"Physics",40,846,784,145,125,156,0,157,0,"No")++
1`(805,"Physics",0,716,779,126,162,140,135,134,43,"No")++
1`(806,"Physics",0,850,825,145,163,152,0,153,0,"No")++
1`(807,"Physics",60,853,815,151,139,45,161,117,157,"No")++
1`(808,"Physics",0,614,756,103,155,141,128,0,0,"No")++
1`(809,"Physics",50,609,750,0,0,0,0,0,0,"No")++
1`(810,"Physics",7,828,819,121,135,179,153,142,41,"No")++
1`(811,"Physics",0,750,823,0,0,0,0,0,0,"No")++
1`(812,"Physics",48,811,690,140,100,81,129,95,145,"No")++
1`(813,"Physics",0,733,641,0,0,0,0,0,0,"No")++
1`(814,"Physics",47,817,795,159,152,176,133,89,44,"No")++
1`(815,"Physics",55,855,854,145,153,147,170,41,159,"No")++
1`(816,"Physics",50,649,699,172,114,89,126,117,42,"No")++
1`(817,"Physics",49,838,702,148,116,40,119,104,136,"No")++
1`(818,"Physics",52,925,934,154,160,48,179,165,185,"Yes")++
1`(819,"Physics",56,838,828,169,153,167,0,0,0,"No")++
1`(820,"Physics",40,674,482,80,93,59,99,0,0,"No")++
1`(821,"Physics",60,799,787,150,110,160,155,126,45,"No")++
1`(822,"Physics",58,693,731,0,0,0,0,0,0,"No")++
1`(823,"Physics",0,748,865,185,154,182,0,0,0,"No")++
1`(824,"Physics",0,694,725,139,133,93,140,103,117,"No")++
1`(825,"Physics",54,805,701,141,104,110,117,145,44,"No")++
1`(826,"Physics",41,766,840,160,138,158,142,158,39,"No")++
1`(827,"Physics",46,836,791,154,147,120,134,48,140,"No")++
1`(828,"Physics",59,761,803,139,131,46,140,148,156,"No")++
1`(829,"Physics",60,929,800,151,164,134,43,153,110,"No")++
1`(830,"Physics",47,847,770,125,125,37,143,154,153,"No")++
1`(831,"Physics",59,706,708,0,0,0,0,0,0,"No")++
1`(832,"Physics",34,693,603,114,104,95,96,33,121,"No")++
1`(833,"Physics",52,881,799,145,150,147,108,44,163,"No")++
1`(834,"Physics",0,808,685,0,0,0,0,0,0,"No")++
1`(835,"Physics",55,849,787,132,129,159,142,0,0,"No")++
1`(836,"Physics",45,782,743,144,127,86,173,36,135,"No")++
1`(837,"Physics",50,866,891,166,163,158,168,146,44,"Yes")++
1`(838,"Physics",45,805,814,0,0,0,0,0,0,"No")++
1`(839,"Physics",55,803,823,149,142,145,46,146,153,"No")++
1`(840,"Physics",53,825,868,184,165,169,0,0,0,"No")++
1`(841,"Physics",48,595,776,149,140,115,141,38,151,"No")++
1`(842,"Physics",48,699,538,87,0,82,0,75,0,"No")++
1`(843,"Physics",54,636,550,88,82,106,112,98,64,"No")++
1`(844,"Physics",45,500,663,89,149,127,0,0,0,"No")++
1`(845,"Physics",0,917,832,65,70,77,69,55,46,"No")++
1`(846,"Physics",1,749,780,167,124,94,46,147,164,"No")++
1`(847,"Physics",29,756,693,134,124,37,108,111,132,"No")++
1`(848,"Physics",0,888,769,112,145,162,0,142,0,"No")++
1`(849,"Physics",51,893,871,152,141,190,133,46,165,"No")++
1`(850,"Physics",0,725,746,150,152,39,142,98,123,"No")++
1`(851,"Physics",44,855,771,148,141,137,122,0,0,"No")++
1`(852,"Physics",53,793,785,132,155,149,145,118,43,"No")++
1`(853,"Physics",63,887,831,128,135,184,0,0,0,"No")++
1`(854,"Physics",0,647,1100,103,152,129,133,136,44,"Yes")++
1`(855,"Physics",0,714,602,108,111,0,0,0,0,"No")++
1`(856,"Physics",0,680,811,0,0,0,0,0,0,"No")++
1`(857,"Physics",52,770,736,134,137,90,144,141,0,"No")++
1`(858,"Physics",47,756,828,148,139,47,162,135,150,"No")++
1`(859,"Physics",48,736,762,132,126,135,39,164,132,"No")++
1`(860,"Physics",42,698,830,0,0,0,0,0,0,"No")++
1`(861,"Physics",15,882,878,139,167,41,168,179,179,"No")++
1`(862,"Physics",56,854,659,131,128,57,37,136,126,"No")++
1`(863,"Physics",58,777,733,127,147,79,152,105,123,"No")++
1`(864,"Physics",35,615,730,129,154,47,131,101,124,"No")++
1`(865,"Physics",45,751,708,134,116,44,132,135,100,"No")++
1`(866,"Physics",58,798,760,133,153,114,152,131,43,"No")++
1`(867,"Physics",0,793,491,121,38,33,73,67,78,"No")++
1`(868,"Physics",55,801,709,0,0,0,0,0,0,"No")++
1`(869,"Physics",59,790,808,0,0,0,0,0,0,"No")++
1`(870,"Physics",39,871,823,147,0,0,0,0,0,"No")++
1`(871,"Physics",33,634,569,121,83,43,94,72,116,"No")++
1`(872,"Physics",41,846,705,147,89,132,141,115,0,"No")++
1`(873,"Physics",0,872,801,133,156,118,177,41,34,"No")++
1`(874,"Physics",46,882,738,152,130,137,137,98,84,"No")++
1`(875,"Physics",17,768,862,160,162,158,156,135,47,"No")++
1`(876,"Physics",50,815,749,137,47,40,135,145,116,"No")++
1`(877,"Physics",59,874,864,116,41,166,152,174,168,"No")++
1`(878,"Physics",61,823,942,155,0,0,0,0,0,"Yes")++
1`(879,"Physics",49,683,619,97,123,31,138,37,102,"No")++
1`(880,"Physics",0,840,796,155,133,91,125,152,140,"No")++
1`(881,"Physics",43,869,863,156,0,0,0,0,0,"No")++
1`(882,"Physics",54,645,976,139,147,88,95,50,0,"Yes")++
1`(883,"Physics",52,786,803,119,92,43,177,144,193,"No")++
1`(884,"Physics",49,644,731,153,0,96,0,171,0,"No")++
1`(885,"Physics",52,853,821,121,140,157,141,174,44,"No")++
1`(886,"Physics",48,769,553,97,82,85,73,134,40,"No")++
1`(887,"Physics",50,870,831,156,146,46,144,146,149,"No")++
1`(888,"Physics",44,731,662,138,115,85,117,90,117,"No")++
1`(889,"Physics",57,798,816,0,0,0,0,0,0,"No")++
1`(890,"Physics",65,908,880,0,0,0,0,0,0,"No")++
1`(891,"Physics",50,882,729,135,96,142,117,158,41,"No")++
1`(892,"Physics",54,806,659,108,103,131,110,137,70,"No")++
1`(893,"Physics",50,851,709,126,89,41,129,125,161,"No")++
1`(894,"Physics",72,825,851,155,133,39,41,157,1172,"No")++
1`(895,"Physics",50,865,746,153,39,119,141,131,121,"No")++
1`(896,"Physics",0,672,640,0,0,0,0,0,0,"No")++
1`(897,"Physics",41,697,734,0,0,0,0,0,0,"No")++
1`(898,"Physics",0,780,752,145,163,129,96,140,0,"No")++
1`(899,"Physics",49,680,694,139,108,109,130,0,0,"No")++
1`(900,"Physics",54,651,705,125,134,118,132,0,0,"No")++
1`(901,"Physics",0,593,710,102,140,145,94,146,46,"No")++
1`(902,"Physics",52,827,892,185,108,188,150,170,47,"Yes")++
1`(903,"Physics",66,836,790,138,158,140,107,167,0,"No")++
1`(904,"Physics",55,925,879,153,166,172,152,149,44,"No")++
1`(905,"Physics",63,721,720,157,68,167,127,136,34,"No")++
1`(906,"Physics",43,851,737,137,142,43,110,131,129,"No")++
1`(907,"Physics",53,793,748,152,0,108,0,122,0,"No")++
1`(908,"Physics",45,500,663,89,149,127,0,0,0,"No")++
1`(909,"Physics",46,882,738,152,130,137,137,98,84,"No")++
1`(910,"Physics",0,917,832,65,70,77,69,55,46,"No")++
1`(911,"Physics",48,769,553,97,82,85,73,134,40,"No")++
1`(912,"Physics",49,678,633,0,0,0,0,0,0,"No")++
1`(913,"Physics",56,718,800,0,0,0,0,0,0,"No")++
1`(914,"Physics",46,947,863,74,72,80,72,66,44,"No")++
1`(915,"Physics",0,761,758,150,89,125,140,140,0,"No")++
1`(916,"Physics",0,670,530,115,86,67,37,44,88,"No")++
1`(917,"Physics",50,720,757,107,150,149,138,126,87,"No")++
1`(918,"Physics",0,905,766,121,141,68,161,152,123,"No")++
1`(919,"Physics",64,908,919,174,159,169,152,172,47,"Yes")++
1`(920,"Physics",58,746,702,113,98,34,159,139,126,"No")++
1`(921,"Physics",55,823,800,150,40,40,154,116,170,"No")++
1`(922,"Physics",62,848,913,168,148,192,157,159,47,"Yes")++
1`(923,"Physics",42,661,848,150,0,176,0,169,0,"No")++
1`(924,"Physics",0,820,787,149,114,39,157,139,149,"No")++
1`(925,"Physics",50,850,648,93,149,90,106,81,129,"No")++
1`(926,"Physics",0,880,806,128,145,154,131,0,0,"No")++
1`(927,"Physics",50,629,785,122,144,155,124,150,90,"No")++
1`(928,"Physics",50,749,752,137,86,146,124,165,48,"No")++
1`(929,"Physics",6,697,749,0,0,0,0,0,0,"No")++
1`(930,"Physics",50,691,683,94,148,98,152,0,0,"No")++
1`(931,"Physics",0,778,797,170,108,150,0,0,0,"No")++
1`(932,"Physics",0,905,766,121,141,68,161,152,123,"No")++
1`(933,"Physics",11,878,879,164,153,46,48,142,169,"No")++
1`(934,"Physics",62,820,800,113,166,44,145,135,153,"No")++
1`(935,"Physics",0,614,762,117,136,147,128,150,42,"No")++
1`(936,"Physics",0,790,739,133,116,143,122,43,144,"No")++
1`(937,"Physics",0,828,641,123,114,119,121,40,39,"No")++
1`(938,"Physics",51,814,733,146,126,44,136,104,133,"No")++
1`(939,"Physics",59,888,912,160,150,184,163,170,44,"Yes")++
1`(940,"Physics",64,908,919,174,159,169,152,172,47,"Yes")++
1`(941,"Physics",59,794,826,126,153,143,158,162,43,"No")++
1`(942,"Physics",0,680,541,92,138,55,93,77,45,"No")++
1`(943,"Physics",77,868,902,139,160,187,177,149,45,"Yes")++
1`(944,"Physics",62,900,905,0,0,0,0,0,0,"Yes")++
1`(945,"Physics",0,720,614,135,105,45,80,124,85,"No")++
1`(946,"Physics",45,760,736,101,108,33,153,133,166,"No")++
1`(947,"Physics",0,605,786,153,185,128,0,0,0,"No")++
1`(948,"Physics",60,861,760,0,0,0,0,0,0,"No")++
1`(949,"Physics",54,594,782,116,145,139,161,42,139,"No")++
1`(950,"Physics",47,727,605,148,86,68,82,117,104,"No")++
1`(951,"Physics",72,847,858,149,144,150,158,169,92,"No")++
1`(952,"Physics",0,685,803,123,152,159,118,0,0,"No")++
1`(953,"Physics",62,920,896,139,164,47,159,179,164,"Yes")++
1`(954,"Physics",0,827,690,142,39,79,130,109,146,"No")++
1`(955,"Physics",0,903,959,176,178,180,159,171,47,"Yes")++
1`(956,"Physics",46,886,797,127,143,47,138,174,125,"No")++
1`(957,"Physics",46,947,863,74,72,80,72,66,44,"No")++
1`(958,"Physics",48,657,675,118,135,40,117,83,145,"No")++
1`(959,"Physics",36,686,581,83,129,42,128,100,81,"No")++
1`(960,"Physics",57,882,916,84,70,75,58,46,83,"Yes")++
1`(961,"Physics",0,791,808,0,0,0,0,0,0,"No")++
1`(962,"Physics",54,763,757,0,0,0,0,0,0,"No")++
1`(963,"Physics",0,840,770,0,0,0,0,0,0,"No")++
1`(964,"Physics",0,508,604,133,118,31,129,83,70,"No")++
1`(965,"Physics",53,696,696,0,0,0,0,0,0,"No")++
1`(966,"Physics",60,814,731,162,129,129,120,116,0,"No")++
1`(967,"Physics",53,841,793,143,134,45,153,144,133,"No")++
1`(968,"Physics",9,887,883,164,157,144,151,172,0,"No")++
1`(969,"Physics",52,712,736,140,102,44,147,143,120,"No")++
1`(970,"Physics",50,848,852,150,152,171,146,144,46,"No")++
1`(971,"Physics",0,728,703,0,0,0,0,0,0,"No")++
1`(972,"Physics",59,708,696,103,147,126,122,120,46,"No")++
1`(973,"Physics",0,766,812,0,0,0,0,0,0,"No")++
1`(974,"Physics",50,727,863,162,168,153,34,40,159,"No")++
1`(975,"Physics",60,837,912,150,152,49,163,169,183,"Yes")++
1`(976,"Physics",46,856,841,0,0,0,0,0,0,"No")++
1`(977,"Physics",69,647,860,112,171,166,192,171,0,"No")++
1`(978,"Physics",0,717,675,155,86,48,121,124,97,"No")++
1`(979,"Physics",55,769,688,0,0,0,0,0,0,"No")++
1`(980,"Physics",47,585,691,124,113,137,158,75,84,"No")++
1`(981,"Physics",44,702,508,79,90,74,68,0,0,"No")++
1`(982,"Physics",0,692,689,111,134,121,104,144,37,"No")++
1`(983,"Physics",73,882,904,140,38,160,175,161,187,"Yes")++
1`(984,"Physics",44,745,694,127,115,42,104,48,151,"No")++
1`(985,"Physics",44,780,731,127,126,151,117,0,0,"No")++
1`(986,"Physics",44,818,884,123,34,178,177,182,144,"No")++
1`(987,"Physics",43,717,756,127,133,138,129,44,145,"No")++
1`(988,"Physics",0,647,808,73,47,0,0,0,0,"No")++
1`(989,"Physics",0,881,703,130,115,145,130,108,33,"No")++
1`(990,"Physics",0,911,906,157,165,167,162,45,161,"No")++
1`(991,"Physics",40,807,698,108,119,45,156,126,107,"No")++
1`(992,"Physics",0,934,982,172,193,184,0,182,0,"Yes")++
1`(993,"Physics",60,828,823,124,149,150,172,137,0,"No")++
1`(994,"Physics",22,889,694,137,80,88,123,118,151,"No")++
1`(995,"Physics",51,649,659,93,114,77,156,140,42,"No")++
1`(996,"Physics",59,826,748,147,138,110,124,0,0,"No")++
1`(997,"Physics",72,843,756,120,156,148,138,105,44,"No")++
1`(998,"Physics",51,765,801,146,148,122,0,0,0,"No")++
1`(999,"Physics",0,697,635,106,86,100,130,128,47,"No")++
1`(1000,"Physics",43,717,756,127,133,138,129,44,145,"No")++
1`(1001,"Physics",0,647,808,73,47,0,0,0,0,"No")++
1`(1002,"Physics",0,805,839,145,166,143,144,43,154,"No")++
1`(1003,"Physics",0,592,594,0,0,0,0,0,0,"No")++
1`(1004,"Physics",45,780,886,160,45,126,175,47,170,"No")++
1`(1005,"Physics",50,717,732,129,107,151,143,115,43,"No")++
1`(1006,"Physics",45,697,707,105,142,135,128,114,85,"No")++
1`(1007,"Physics",55,748,871,153,126,46,160,160,182,"No")++
1`(1008,"Physics",1,909,848,143,155,184,139,143,41,"No")++
1`(1009,"Physics",65,879,896,163,129,42,156,178,183,"No")++
1`(1010,"Physics",52,670,610,124,112,96,108,44,86,"No")++
1`(1011,"Physics",50,720,757,107,150,149,138,126,87,"No")++
1`(1012,"Physics",61,714,706,131,110,113,107,41,161,"No")++
1`(1013,"Physics",40,647,598,117,119,104,30,113,41,"No")++
1`(1014,"Physics",56,890,814,0,0,0,0,0,0,"No")++
1`(1015,"Physics",46,748,613,80,111,162,123,61,33,"No")++
1`(1016,"Physics",60,813,804,176,120,151,141,122,50,"No")++
1`(1017,"Physics",52,840,739,122,130,154,88,42,159,"No")++
1`(1018,"Physics",0,679,758,129,143,147,143,0,0,"No")++
1`(1019,"Physics",54,822,751,132,128,131,135,152,73,"No")++
1`(1020,"Physics",57,840,628,147,116,31,101,72,119,"No")++
1`(1021,"Physics",53,832,845,134,147,83,170,154,157,"No")++
1`(1022,"Physics",44,849,711,120,145,122,134,109,0,"No")++
1`(1023,"Physics",55,810,800,153,47,47,143,135,128,"No")++
1`(1024,"Physics",56,756,804,136,129,154,147,0,0,"No")++
1`(1025,"Physics",0,846,837,0,0,0,0,0,0,"No")++
1`(1026,"Physics",53,780,773,142,139,129,85,169,0,"No")++
1`(1027,"Physics",47,895,890,144,179,166,157,0,0,"No")++
1`(1028,"Physics",0,774,876,151,154,45,163,154,163,"No")++
1`(1029,"Physics",67,744,674,110,127,134,96,123,43,"No")++
1`(1030,"Physics",0,607,768,146,160,95,125,152,44,"No")++
1`(1031,"Physics",42,612,559,73,120,102,0,81,0,"No")++
1`(1032,"Physics",20,870,922,153,162,167,174,89,177,"Yes")++
1`(1033,"Physics",70,865,765,56,55,64,70,54,46,"No")++
1`(1034,"Physics",46,868,802,117,138,153,149,162,46,"No")++
1`(1035,"Physics",26,882,785,136,155,137,121,46,145,"No")++
1`(1036,"Physics",0,899,904,0,0,0,0,0,0,"Yes")++
1`(1037,"Physics",52,820,784,125,144,145,126,153,91,"No")++
1`(1038,"Physics",52,777,773,165,133,118,145,126,46,"No")++
1`(1039,"Physics",52,844,704,130,110,147,34,43,128,"No")++
1`(1040,"Physics",53,733,820,162,126,140,144,162,45,"No")++
1`(1041,"Physics",59,675,853,142,150,152,186,43,44,"No")++
1`(1042,"Physics",0,843,862,144,165,161,153,158,45,"No")++
1`(1043,"Physics",50,648,779,107,136,40,172,144,140,"No")++
1`(1044,"Physics",45,638,588,102,143,33,96,119,56,"No")++
1`(1045,"Physics",0,728,632,140,111,83,97,116,85,"No")++
1`(1046,"Physics",0,734,606,111,124,41,78,122,85,"No")++
1`(1047,"Physics",44,706,674,132,130,103,127,90,47,"No")++
1`(1048,"Physics",0,848,589,121,92,106,110,90,46,"No")++
1`(1049,"Physics",67,895,814,147,156,47,144,145,132,"No")++
1`(1050,"Physics",68,933,823,138,163,161,151,41,43,"No")++
1`(1051,"Physics",42,862,839,126,46,46,155,171,152,"No")++
1`(1052,"Physics",51,723,876,180,148,128,161,0,0,"No")++
1`(1053,"Physics",55,806,723,0,0,0,0,0,0,"No")++
1`(1054,"Physics",42,834,883,186,164,154,122,167,42,"No")++
1`(1055,"Physics",0,670,530,115,86,67,37,44,88,"No")++
1`(1056,"Physics",46,798,605,94,102,94,123,110,43,"No")++
1`(1057,"Physics",0,647,740,129,123,45,121,150,128,"No")++
1`(1058,"Physics",48,788,644,79,122,114,98,40,79,"No")++
1`(1059,"Physics",50,816,872,132,151,171,159,172,40,"No")++
1`(1060,"Physics",42,714,772,119,37,155,132,139,146,"No")++
1`(1061,"Physics",45,810,844,154,147,45,155,136,172,"No")++
1`(1062,"Physics",53,627,631,0,0,0,0,0,0,"No")++
1`(1063,"Physics",51,649,659,93,114,77,156,140,42,"No")++
1`(1064,"Physics",59,826,748,147,138,110,124,0,0,"No")++
1`(1065,"Physics",0,761,758,150,89,125,140,140,0,"No")++
1`(1066,"Physics",54,868,850,167,179,177,44,108,41,"No")++
1`(1067,"Physics",59,679,653,125,127,82,115,0,0,"No")++
1`(1068,"Physics",60,640,689,98,138,136,87,0,143,"No")++
1`(1069,"Physics",59,821,730,125,158,87,119,104,137,"No")++
1`(1070,"Physics",50,855,642,140,102,43,113,88,127,"No")++
1`(1071,"Physics",51,707,681,135,114,122,0,0,0,"No")++
1`(1072,"Physics",0,772,769,139,134,44,120,113,171,"No")++
1`(1073,"Physics",56,654,721,103,138,155,92,149,46,"No")++
1`(1074,"Physics",0,763,588,112,112,69,82,0,0,"No")++
1`(1075,"Physics",58,827,835,141,150,48,131,162,156,"No")++
1`(1076,"Physics",0,645,630,124,151,77,40,108,92,"No")++
1`(1077,"Physics",62,749,816,165,143,160,0,0,0,"No")++
1`(1078,"Physics",48,655,701,145,122,90,106,141,97,"No")++
1`(1079,"Physics",47,595,733,106,140,126,153,0,0,"No")++
1`(1080,"Physics",46,840,811,0,0,0,0,0,0,"No")++
1`(1081,"Physics",60,864,809,160,134,132,145,155,0,"No")++
1`(1082,"Physics",63,680,634,113,106,105,0,0,0,"No")++
1`(1083,"Physics",43,736,622,0,0,0,0,0,0,"No")++
1`(1084,"Physics",58,738,680,148,95,43,115,101,139,"No")++
1`(1085,"Physics",67,763,765,148,165,103,0,0,0,"No")++
1`(1086,"Physics",51,779,767,125,145,151,120,0,0,"No")++
1`(1087,"Physics",50,771,880,130,174,158,174,77,167,"No")++
1`(1088,"Physics",0,880,867,153,132,45,190,40,161,"No")++
1`(1089,"Physics",41,1050,1100,0,0,0,0,0,0,"No")++
1`(1090,"Physics",49,931,925,151,178,161,179,161,49,"Yes")++
1`(1091,"Physics",61,876,907,158,177,163,122,0,0,"No")++
1`(1092,"Physics",58,791,763,0,0,0,0,0,0,"No")++
1`(1093,"Physics",59,787,839,144,160,85,142,149,159,"No")++
1`(1094,"Physics",53,742,665,124,91,125,0,0,0,"No")++
1`(1095,"Physics",52,849,883,0,0,0,0,0,0,"No")++
1`(1096,"Physics",55,868,790,159,148,132,129,123,44,"No")++
1`(1097,"Physics",56,824,582,118,132,85,64,110,0,"No")++
1`(1098,"Physics",0,636,611,128,86,84,0,0,0,"No")++
1`(1099,"Physics",47,807,748,0,0,0,0,0,0,"No")++
1`(1100,"Physics",47,637,531,97,76,35,116,109,74,"No")++
1`(1101,"Physics",70,924,866,151,155,160,151,163,86,"No")++
1`(1102,"Physics",49,678,633,0,0,0,0,0,0,"No")++
1`(1103,"Physics",0,791,808,0,0,0,0,0,0,"No")++
1`(1104,"Physics",54,763,757,0,0,0,0,0,0,"No")++
1`(1105,"Physics",60,784,774,115,139,166,145,120,0,"No")++
1`(1106,"Physics",56,718,800,0,0,0,0,0,0,"No")++
1`(1107,"Physics",60,645,758,0,0,0,0,0,0,"No")++
1`(1108,"Physics",0,871,899,133,184,174,160,0,0,"No")++
1`(1109,"Physics",53,672,585,132,120,102,94,62,75,"No")++
1`(1110,"Physics",55,826,818,157,130,45,163,150,127,"No")++
1`(1111,"Physics",0,861,820,134,114,41,166,147,172,"No")++
1`(1112,"Physics",53,673,662,132,125,45,93,103,118,"No")++
1`(1113,"Physics",47,742,717,140,126,43,131,102,135,"No")++
1`(1114,"Physics",59,945,809,0,0,0,0,0,0,"No")++
1`(1115,"Physics",30,689,606,69,137,121,89,0,0,"No")++
1`(1116,"Physics",53,885,917,159,176,157,160,46,174,"Yes")++
1`(1117,"Physics",0,859,841,157,146,171,0,0,0,"No")++
1`(1118,"Physics",50,868,868,160,150,159,0,0,0,"No")++
1`(1119,"Physics",62,816,888,170,171,175,35,137,158,"No")++
1`(1120,"Physics",57,753,791,0,0,0,0,0,0,"No")++
1`(1121,"Physics",48,821,814,131,154,35,175,137,143,"No")++
1`(1122,"Physics",60,754,862,148,153,92,167,134,168,"No")++
1`(1123,"Physics",51,829,803,151,117,38,174,129,152,"No")++
1`(1124,"Physics",46,594,688,140,138,116,0,0,0,"No")++
1`(1125,"Physics",57,913,934,161,183,148,164,46,187,"Yes")++
1`(1126,"Physics",0,651,755,13,145,34,139,108,156,"No")++
1`(1127,"Physics",50,903,903,146,165,44,162,184,159,"Yes")++
1`(1128,"Physics",55,796,801,152,165,151,126,43,130,"No")++
1`(1129,"Physics",0,772,720,81,48,70,65,37,68,"No")++
1`(1130,"Physics",54,709,742,143,160,128,119,46,108,"No")++
1`(1131,"Physics",44,818,884,123,34,178,177,182,144,"No")++
1`(1132,"Physics",52,670,610,124,112,96,108,44,86,"No")++
1`(1133,"Physics",53,673,662,132,125,45,93,103,118,"No")++
1`(1134,"Physics",80,969,953,180,158,172,168,179,48,"Yes")++
1`(1135,"Physics",0,878,741,133,138,153,116,118,0,"No")++
1`(1136,"Physics",71,930,962,180,156,44,177,181,183,"Yes")++
1`(1137,"Physics",0,863,995,164,174,48,192,186,182,"Yes")++
1`(1138,"Physics",76,906,932,165,170,167,45,177,47,"Yes")++
1`(1139,"Physics",50,750,814,68,0,51,0,0,0,"No")++
1`(1140,"Physics",48,691,879,83,33,97,123,79,0,"No")++
1`(1141,"Physics",0,870,759,132,82,43,146,164,48,"No")++
1`(1142,"Physics",47,731,797,0,0,0,0,0,0,"No")++
1`(1143,"Physics",58,941,896,167,174,153,188,0,0,"Yes")++
1`(1144,"Physics",64,900,800,129,157,90,136,124,164,"No")++
1`(1145,"Physics",0,762,522,0,0,0,0,0,0,"No")++
1`(1146,"Physics",66,929,880,147,152,178,161,42,43,"No")++
1`(1147,"Physics",0,570,583,38,41,63,41,51,42,"No")++
1`(1148,"Physics",0,930,782,137,146,147,133,129,44,"No")++
1`(1149,"Physics",40,848,957,166,189,45,180,143,193,"Yes")++
1`(1150,"Physics",53,876,789,0,0,0,0,0,0,"No")++
1`(1151,"Physics",46,685,743,144,127,138,119,127,88,"No")++
1`(1152,"Physics",57,653,822,141,108,173,131,186,83,"No")++
1`(1153,"Physics",53,864,727,105,132,159,73,162,49,"No")++
1`(1154,"Physics",0,842,779,142,152,122,138,137,0,"No")++
1`(1155,"Physics",0,936,884,127,145,160,177,184,0,"No")++
1`(1156,"Physics",0,570,583,38,41,63,41,51,42,"No")++
1`(1157,"Physics",45,726,670,129,118,130,31,108,41,"No")++
1`(1158,"Physics",48,691,879,83,33,97,123,79,0,"No")++
1`(1159,"Physics",0,763,844,143,154,121,184,148,48,"No")++
1`(1160,"Physics",41,627,739,105,142,116,148,0,0,"No")++
1`(1161,"Physics",42,747,624,116,118,127,77,122,28,"No")++
1`(1162,"Physics",57,723,824,178,143,189,84,41,42,"No")++
1`(1163,"Physics",0,762,522,0,0,0,0,0,0,"No")++
1`(1164,"Physics",64,900,800,129,157,90,136,124,164,"No")++
1`(1165,"Physics",61,882,776,141,123,157,136,0,0,"No")++
1`(1166,"Physics",0,912,784,145,143,94,127,42,46,"No")++
1`(1167,"Physics",50,727,778,120,138,123,165,158,35,"No")++
1`(1168,"Physics",58,814,865,154,154,120,171,47,173,"No")++
1`(1169,"Physics",58,822,837,142,153,158,160,134,46,"No")++
1`(1170,"Physics",59,938,864,160,169,115,182,0,0,"No")++
1`(1171,"Physics",57,900,911,171,162,156,167,47,160,"Yes")++
1`(1172,"Physics",59,793,698,108,101,123,130,150,44,"No")++
1`(1173,"Physics",0,893,824,145,155,143,148,44,140,"No")++
1`(1174,"Physics",50,921,833,135,46,141,158,45,161,"No")++
1`(1175,"Physics",56,797,790,167,0,0,0,0,0,"No")++
1`(1176,"Physics",0,844,829,139,101,43,184,140,179,"No")++
1`(1177,"Physics",104,891,901,0,167,0,176,0,153,"Yes")++
1`(1178,"Physics",50,613,553,81,128,37,109,67,87,"No")++
1`(1179,"Physics",49,895,841,141,151,47,151,162,147,"No")++
1`(1180,"Physics",50,831,763,147,119,162,114,46,133,"No")++
1`(1181,"Physics",61,813,730,126,133,137,107,44,139,"No")++
1`(1182,"Physics",56,818,919,175,181,139,160,172,92,"Yes")++
1`(1183,"Physics",63,853,820,120,141,168,142,166,44,"No")++
1`(1184,"Physics",0,742,749,141,139,73,159,40,152,"No")++
1`(1185,"Physics",1,906,683,1,1,1,1,1,1,"No")++
1`(1186,"Physics",58,941,896,167,174,153,188,0,0,"Yes")++
1`(1187,"Physics",45,762,662,143,144,38,145,69,77,"No")++
1`(1188,"Physics",54,781,820,146,156,169,102,156,91,"No")++
1`(1189,"Physics",47,606,619,58,57,35,58,37,42,"No")++
1`(1190,"Physics",48,637,770,137,138,124,149,0,0,"No")++
1`(1191,"Physics",82,907,934,0,0,0,0,0,0,"Yes")++
1`(1192,"Physics",69,833,924,181,164,172,149,171,87,"Yes")++
1`(1193,"Physics",50,832,679,116,111,121,125,0,0,"No")++
1`(1194,"Physics",1,767,752,164,0,0,0,0,0,"No")++
1`(1195,"Physics",0,802,729,141,102,118,133,155,80,"No")++
1`(1196,"Physics",61,636,814,145,157,157,122,0,0,"No")++
1`(1197,"Physics",0,649,745,134,117,90,139,146,119,"No")++
1`(1198,"Physics",53,718,666,94,140,130,119,30,118,"No")++
1`(1199,"Physics",59,777,855,141,138,140,47,171,176,"No")++
1`(1200,"Physics",50,589,734,109,118,44,149,103,164,"No")++
1`(1201,"Physics",0,705,637,0,0,0,0,0,0,"No")++
1`(1202,"Physics",56,869,776,154,132,126,114,45,169,"No")++
1`(1203,"Physics",23,950,891,151,134,48,171,47,170,"No")++
1`(1204,"Physics",54,656,956,189,158,192,154,178,43,"Yes")++
1`(1205,"Physics",0,724,773,149,129,41,154,123,134,"No")++
1`(1206,"Physics",53,792,828,148,129,172,166,125,0,"No")++
1`(1207,"Physics",54,700,737,137,152,135,107,125,0,"No")++
1`(1208,"Physics",58,879,722,152,168,121,83,110,0,"No")++
1`(1209,"Physics",0,784,802,152,148,40,38,156,116,"No")++
1`(1210,"Physics",52,767,663,118,126,88,108,157,0,"No")++
1`(1211,"Physics",53,718,666,94,140,130,119,30,118,"No")++
1`(1212,"Physics",59,777,855,141,138,140,47,171,176,"No")++
1`(1213,"Physics",0,831,721,0,0,0,0,0,0,"No")++
1`(1214,"Physics",50,837,830,164,133,149,147,156,81,"No")++
1`(1215,"Physics",53,905,872,152,159,165,169,134,47,"No")++
1`(1216,"Physics",27,645,783,0,0,0,0,0,0,"No")++
1`(1217,"Physics",54,889,833,155,131,159,126,176,46,"No")++
1`(1218,"Physics",57,849,855,153,172,0,0,0,0,"No")++
1`(1219,"Physics",69,933,880,0,0,0,0,0,0,"No")++
1`(1220,"Physics",0,672,649,0,0,0,0,0,0,"No")++
1`(1221,"Physics",0,785,756,106,119,104,145,88,133,"No")++
1`(1222,"Physics",59,655,728,121,116,43,138,117,153,"No")++
1`(1223,"Physics",53,879,960,0,0,0,0,0,0,"Yes")++
1`(1224,"Physics",60,945,863,125,180,153,167,0,0,"No")++
1`(1225,"Physics",56,657,754,119,151,160,0,107,0,"No")++
1`(1226,"Physics",51,878,950,162,0,0,0,0,0,"Yes")++
1`(1227,"Physics",55,847,869,146,146,160,142,181,94,"No")++
1`(1228,"Physics",0,805,848,143,164,45,165,138,148,"No")++
1`(1229,"Physics",53,740,648,88,0,0,0,0,0,"No")++
1`(1230,"Physics",48,629,827,132,150,142,144,163,48,"No")++
1`(1231,"Physics",0,780,750,157,143,81,139,131,99,"No")++
1`(1232,"Physics",58,769,886,0,0,0,0,0,0,"No")++
1`(1233,"Physics",54,796,903,138,181,187,173,0,0,"Yes")++
1`(1234,"Physics",0,613,725,0,0,0,0,0,0,"No")++
1`(1235,"Physics",56,940,815,146,159,116,158,143,49,"No")++
1`(1236,"Physics",46,811,784,121,157,156,132,130,43,"No")++
1`(1237,"Physics",48,672,807,88,80,45,65,42,88,"No")++
1`(1238,"Physics",52,715,747,135,0,150,0,123,0,"No")++
1`(1239,"Physics",0,868,727,123,142,43,168,109,109,"No")++
1`(1240,"Physics",40,733,747,150,124,139,108,135,91,"No")++
1`(1241,"Physics",50,677,663,109,101,104,134,125,47,"No")++
1`(1242,"Physics",52,725,866,153,149,46,162,148,162,"No")++
1`(1243,"Physics",0,852,841,137,173,41,135,144,167,"No")++
1`(1244,"Physics",47,945,700,147,148,120,84,118,40,"No")++
1`(1245,"Physics",0,815,809,144,157,143,142,137,39,"No")++
1`(1246,"Physics",58,753,908,163,182,150,145,39,188,"Yes")++
1`(1247,"Physics",43,679,517,0,0,0,0,0,0,"No")++
1`(1248,"Physics",62,772,841,140,152,47,119,190,149,"No")++
1`(1249,"Physics",0,705,747,117,131,37,150,129,142,"No")++
1`(1250,"Physics",0,930,782,137,146,147,133,129,44,"No")++
1`(1251,"Physics",58,804,702,139,104,150,117,105,87,"No")++
1`(1252,"Physics",47,731,797,0,0,0,0,0,0,"No")++
1`(1253,"Physics",50,522,772,0,0,0,0,0,0,"No")++
1`(1254,"Physics",0,820,867,148,153,145,184,42,47,"No")++
1`(1255,"Physics",47,723,796,137,164,153,106,82,154,"No")++
1`(1256,"Physics",48,781,758,110,150,172,140,107,45,"No")++
1`(1257,"Physics",0,676,542,60,103,112,102,0,0,"No")++
1`(1258,"Physics",54,784,784,120,151,162,139,123,46,"No")++
1`(1259,"Physics",0,554,544,70,92,61,110,92,119,"No")++
1`(1260,"Physics",53,838,819,148,122,48,146,148,161,"No")++
1`(1261,"Physics",44,724,764,139,141,43,144,134,139,"No")++
1`(1262,"Physics",54,767,575,105,138,74,107,83,68,"No")++
1`(1263,"Physics",50,750,814,68,0,51,0,0,0,"No")++
1`(1264,"Physics",53,830,762,130,127,171,0,0,0,"No")++
1`(1265,"Physics",0,739,745,139,148,93,117,135,113,"No")++
1`(1266,"Physics",40,848,957,166,189,45,180,143,193,"Yes")++
1`(1267,"Physics",53,739,753,107,162,156,145,0,0,"No")++
1`(1268,"Physics",48,844,815,114,132,156,154,48,47,"No")++
1`(1269,"Physics",47,785,776,169,148,137,97,144,42,"No")++
1`(1270,"Physics",50,859,853,148,161,163,142,157,42,"No")++
1`(1271,"Physics",0,870,759,132,82,43,146,164,48,"No")++
1`(1272,"Physics",52,926,844,156,131,150,132,186,89,"No")++
1`(1273,"Physics",0,810,789,149,125,137,144,146,0,"No")++
1`(1274,"Physics",43,730,611,91,132,80,93,135,38,"No")++
1`(1275,"Physics",0,867,845,0,0,0,0,0,0,"No")++
1`(1276,"Physics",58,784,936,175,159,189,0,0,0,"Yes")++
1`(1277,"Physics",62,859,862,0,0,0,0,0,0,"No")++
1`(1278,"Physics",55,712,578,96,98,100,0,0,0,"No")++
1`(1279,"Physics",55,866,898,148,46,43,162,174,169,"No")++
1`(1280,"Physics",57,823,824,143,154,143,148,41,158,"No")++
1`(1281,"Physics",54,837,755,120,123,160,135,134,42,"No")++
1`(1282,"Physics",57,791,838,142,167,131,140,169,0,"No")++
1`(1283,"Physics",55,814,750,120,115,37,161,156,124,"No")++
1`(1284,"Physics",44,654,652,99,119,124,105,43,133,"No")++
1`(1285,"Physics",19,857,800,0,0,0,0,0,0,"No")++
1`(1286,"Physics",49,736,846,0,0,0,0,0,0,"No")++
1`(1287,"Physics",57,820,774,143,134,123,156,125,47,"No")++
1`(1288,"Physics",66,929,880,147,152,178,161,42,43,"No")++
1`(1289,"Physics",56,955,959,1,1,2,3,5,6,"Yes")++
1`(1290,"Physics",47,913,955,168,180,179,170,163,0,"Yes")++