1`(1291,"Chemistery",0,882,882,144,171,156,159,45,164,"No")++
1`(1292,"Chemistery",51,874,749,153,139,112,0,0,0,"No")++
1`(1293,"Chemistery",57,903,812,147,153,138,133,150,48,"No")++
1`(1294,"Chemistery",0,798,832,130,160,137,39,155,43,"No")++
1`(1295,"Chemistery",50,809,616,124,124,78,86,0,0,"No")++
1`(1296,"Chemistery",58,786,913,146,164,46,43,182,166,"No")++
1`(1297,"Chemistery",0,884,932,171,180,175,159,0,0,"No")++
1`(1298,"Chemistery",0,826,965,172,179,170,0,0,0,"No")++
1`(1299,"Chemistery",0,715,833,0,0,0,0,0,0,"No")++
1`(1300,"Chemistery",0,968,912,189,172,155,145,161,47,"No")++
1`(1301,"Chemistery",62,815,872,0,0,0,0,0,0,"No")++
1`(1302,"Chemistery",54,938,928,199,158,170,158,154,45,"No")++
1`(1303,"Chemistery",73,918,995,0,0,0,0,0,0,"Yes")++
1`(1304,"Chemistery",67,971,961,0,0,0,0,0,0,"Yes")++
1`(1305,"Chemistery",52,810,751,128,130,146,133,124,48,"No")++
1`(1306,"Chemistery",45,729,700,155,0,131,0,123,0,"No")++
1`(1307,"Chemistery",0,854,870,0,0,0,0,0,0,"No")++
1`(1308,"Chemistery",69,857,841,166,142,169,141,39,146,"No")++
1`(1309,"Chemistery",61,909,943,162,159,45,186,171,171,"No")++
1`(1310,"Chemistery",45,909,901,0,0,0,0,0,0,"No")++
1`(1311,"Chemistery",80,828,869,39,166,149,167,152,158,"No")++
1`(1312,"Chemistery",68,923,669,0,0,0,0,0,0,"No")++
1`(1313,"Chemistery",67,967,950,175,142,180,184,180,45,"No")++
1`(1314,"Chemistery",52,948,900,155,173,157,158,0,0,"No")++
1`(1315,"Chemistery",68,966,918,158,168,46,166,167,175,"No")++
1`(1316,"Chemistery",0,842,858,143,165,42,152,170,140,"No")++
1`(1317,"Chemistery",20,900,905,151,151,47,164,176,168,"No")++
1`(1318,"Chemistery",0,893,862,162,148,151,165,43,146,"No")++
1`(1319,"Chemistery",53,747,675,118,96,117,141,42,121,"No")++
1`(1320,"Chemistery",47,737,661,108,129,106,106,123,44,"No")++
1`(1321,"Chemistery",56,907,847,147,148,47,149,172,142,"No")++
1`(1322,"Chemistery",55,930,948,180,170,180,178,0,0,"No")++
1`(1323,"Chemistery",57,913,887,157,157,45,161,153,167,"No")++
1`(1324,"Chemistery",43,734,606,70,100,116,117,139,38,"No")++
1`(1325,"Chemistery",54,813,848,137,154,150,144,174,41,"No")++
1`(1326,"Chemistery",49,820,859,152,151,48,172,132,163,"No")++
1`(1327,"Chemistery",0,912,951,177,181,167,155,183,44,"No")++
1`(1328,"Chemistery",44,800,811,155,166,47,150,139,107,"No")++
1`(1329,"Chemistery",50,737,735,145,138,42,106,126,140,"No")++
1`(1330,"Chemistery",56,919,874,148,178,143,164,33,168,"No")++
1`(1331,"Chemistery",520,851,887,172,172,48,150,169,164,"No")++
1`(1332,"Chemistery",0,892,920,169,167,172,172,0,0,"No")++
1`(1333,"Chemistery",51,891,884,132,158,39,162,187,165,"No")++
1`(1334,"Chemistery",63,894,930,167,168,158,164,90,183,"No")++
1`(1335,"Chemistery",70,887,861,163,161,37,163,165,127,"No")++
1`(1336,"Chemistery",68,980,930,131,0,193,0,0,0,"No")++
1`(1337,"Chemistery",52,740,862,138,152,131,177,43,176,"No")++
1`(1338,"Chemistery",56,929,906,177,169,157,0,163,0,"No")++
1`(1339,"Chemistery",60,801,757,144,36,139,123,138,139,"No")++
1`(1340,"Chemistery",64,934,985,181,192,157,180,44,186,"Yes")++
1`(1341,"Chemistery",63,891,874,157,156,164,149,154,47,"No")++
1`(1342,"Chemistery",75,923,922,154,180,167,166,44,163,"No")++
1`(1343,"Chemistery",19,839,808,86,60,45,69,62,60,"No")++
1`(1344,"Chemistery",55,893,869,0,0,0,0,0,0,"No")++
1`(1345,"Chemistery",65,920,874,152,179,159,160,0,0,"No")++
1`(1346,"Chemistery",66,924,931,0,0,0,0,0,0,"No")++
1`(1347,"Chemistery",54,960,896,0,0,0,0,0,0,"No")++
1`(1348,"Chemistery",55,870,843,142,139,44,158,144,172,"No")++
1`(1349,"Chemistery",36,842,785,151,121,162,142,47,120,"No")++
1`(1350,"Chemistery",50,937,974,165,185,192,48,173,162,"Yes")++
1`(1351,"Chemistery",51,960,894,157,191,169,147,135,48,"No")++
1`(1352,"Chemistery",49,847,785,154,111,81,139,171,125,"No")++
1`(1353,"Chemistery",52,906,798,0,0,0,0,0,0,"No")++
1`(1354,"Chemistery",53,776,801,127,139,157,147,81,149,"No")++
1`(1355,"Chemistery",55,789,798,129,129,163,155,139,43,"No")++
1`(1356,"Chemistery",51,850,821,144,144,141,136,165,0,"No")++
1`(1357,"Chemistery",45,877,782,145,143,156,133,124,39,"No")++
1`(1358,"Chemistery",0,849,917,127,45,169,177,160,160,"No")++
1`(1359,"Chemistery",50,777,801,121,135,162,150,141,46,"No")++
1`(1360,"Chemistery",50,786,833,146,142,153,156,0,0,"No")++
1`(1361,"Chemistery",45,769,913,175,150,186,141,174,87,"No")++
1`(1362,"Chemistery",61,880,634,0,0,0,0,0,0,"No")++
1`(1363,"Chemistery",38,861,906,171,172,184,151,140,45,"No")++
1`(1364,"Chemistery",31,868,909,0,0,0,0,0,0,"No")++
1`(1365,"Chemistery",51,960,894,157,191,169,147,135,48,"No")++
1`(1366,"Chemistery",68,923,669,0,0,0,0,0,0,"No")++
1`(1367,"Chemistery",60,869,882,150,150,44,169,175,157,"No")++
1`(1368,"Chemistery",148,842,884,148,0,0,0,0,0,"No")++
1`(1369,"Chemistery",65,969,896,0,0,0,0,0,0,"No")++
1`(1370,"Chemistery",67,874,916,0,0,0,0,0,0,"No")++
1`(1371,"Chemistery",61,907,925,164,0,0,0,0,0,"No")++
1`(1372,"Chemistery",45,922,931,140,178,168,182,47,170,"No")++
1`(1373,"Chemistery",0,910,862,146,153,43,45,156,169,"No")++
1`(1374,"Chemistery",64,792,956,167,172,179,165,48,180,"No")++
1`(1375,"Chemistery",62,919,928,175,184,182,0,0,0,"No")++
1`(1376,"Chemistery",52,915,901,147,176,142,46,178,164,"No")++
1`(1377,"Chemistery",44,939,845,149,177,159,154,118,44,"No")++
1`(1378,"Chemistery",57,769,772,86,62,83,42,48,44,"No")++
1`(1379,"Chemistery",42,870,869,152,171,157,164,138,43,"No")++
1`(1380,"Chemistery",56,843,902,160,151,169,172,0,0,"No")++
1`(1381,"Chemistery",60,782,895,163,168,168,155,152,45,"No")++
1`(1382,"Chemistery",70,994,950,153,41,178,188,45,178,"No")++
1`(1383,"Chemistery",42,924,891,147,162,150,176,46,164,"No")++
1`(1384,"Chemistery",52,884,849,150,147,45,174,146,143,"No")++
1`(1385,"Chemistery",65,929,849,164,153,152,129,156,0,"No")++
1`(1386,"Chemistery",38,936,1004,195,0,193,0,186,0,"Yes")++
1`(1387,"Chemistery",63,833,954,0,0,0,0,0,0,"No")++
1`(1388,"Chemistery",63,806,776,149,131,37,138,117,163,"No")++
1`(1389,"Chemistery",77,966,963,0,0,0,0,0,0,"Yes")++
1`(1390,"Chemistery",73,828,974,170,157,189,178,185,48,"Yes")++
1`(1391,"Chemistery",75,926,969,160,171,46,185,172,186,"Yes")++
1`(1392,"Chemistery",55,881,802,147,157,139,158,126,0,"No")++
1`(1393,"Chemistery",0,731,744,0,0,0,0,0,0,"No")++
1`(1394,"Chemistery",37,793,828,162,42,44,150,148,139,"No")++
1`(1395,"Chemistery",52,818,819,154,151,44,139,147,138,"No")++
1`(1396,"Chemistery",57,993,974,176,167,47,47,164,197,"No")++
1`(1397,"Chemistery",67,841,739,105,145,44,129,128,150,"No")++
1`(1398,"Chemistery",57,951,947,173,186,180,180,0,0,"No")++
1`(1399,"Chemistery",0,807,950,175,176,179,178,0,0,"No")++
1`(1400,"Chemistery",10,894,896,178,152,179,129,164,47,"No")++
1`(1401,"Chemistery",84,936,959,0,0,0,0,0,0,"Yes")++
1`(1402,"Chemistery",34,838,835,126,166,162,132,157,48,"No")++
1`(1403,"Chemistery",40,770,735,121,96,120,151,155,47,"No")++
1`(1404,"Chemistery",43,920,931,154,163,45,177,170,175,"No")++
1`(1405,"Chemistery",67,874,916,0,0,0,0,0,0,"No")++
1`(1406,"Chemistery",64,931,928,170,167,163,0,173,0,"No")++
1`(1407,"Chemistery",55,918,901,158,0,0,0,0,0,"No")++
1`(1408,"Chemistery",50,791,720,128,120,126,132,40,135,"No")++
1`(1409,"Chemistery",49,778,701,125,120,103,123,147,43,"No")++
1`(1410,"Chemistery",30,939,845,136,146,156,154,0,0,"No")++
1`(1411,"Chemistery",63,966,921,138,167,45,183,172,176,"No")++
1`(1412,"Chemistery",60,743,892,167,165,173,151,0,0,"No")++
1`(1413,"Chemistery",0,882,903,181,135,182,149,166,46,"No")++
1`(1414,"Chemistery",64,893,936,184,180,167,157,151,0,"No")++
1`(1415,"Chemistery",64,948,947,177,150,177,177,179,44,"No")++
1`(1416,"Chemistery",53,874,884,113,170,176,186,47,45,"No")++
1`(1417,"Chemistery",122,955,999,178,181,191,190,0,0,"Yes")++
1`(1418,"Chemistery",53,886,775,0,0,0,0,0,0,"No")++
1`(1419,"Chemistery",55,903,836,142,157,133,169,83,152,"No")++
1`(1420,"Chemistery",52,850,908,161,168,169,48,148,47,"No")++
1`(1421,"Chemistery",75,715,677,127,132,147,41,115,74,"No")++
1`(1422,"Chemistery",53,752,624,136,132,100,118,73,31,"No")++
1`(1423,"Chemistery",65,898,910,162,170,45,173,106,162,"No")++
1`(1424,"Chemistery",40,738,812,141,141,45,128,154,156,"No")++
1`(1425,"Chemistery",63,836,827,130,173,141,145,161,77,"No")++
1`(1426,"Chemistery",60,844,975,164,175,169,182,48,190,"Yes")++
1`(1427,"Chemistery",51,870,934,0,0,0,0,0,0,"No")++
1`(1428,"Chemistery",56,904,985,169,153,46,188,192,191,"Yes")++
1`(1429,"Chemistery",52,839,844,137,166,163,141,152,40,"No")++
1`(1430,"Chemistery",60,987,905,159,165,41,169,163,163,"No")++
1`(1431,"Chemistery",52,834,882,147,156,46,161,153,175,"No")++
1`(1432,"Chemistery",61,732,810,148,146,113,143,77,183,"No")++
1`(1433,"Chemistery",29,794,825,167,165,145,144,84,120,"No")++
1`(1434,"Chemistery",52,941,880,158,184,144,154,151,89,"No")++
1`(1435,"Chemistery",51,650,700,151,117,41,106,129,112,"No")++
1`(1436,"Chemistery",54,871,901,174,175,164,37,44,150,"No")++
1`(1437,"Chemistery",0,898,767,137,0,0,0,0,0,"No")++
1`(1438,"Chemistery",44,896,853,159,155,86,148,152,153,"No")++
1`(1439,"Chemistery",53,805,891,165,143,170,156,167,44,"No")++
1`(1440,"Chemistery",61,833,801,161,139,46,144,136,137,"No")++
1`(1441,"Chemistery",50,906,761,117,118,48,157,129,147,"No")++
1`(1442,"Chemistery",44,825,840,126,157,160,159,169,41,"No")++
1`(1443,"Chemistery",49,865,862,143,153,164,158,162,45,"No")++
1`(1444,"Chemistery",57,956,981,179,178,165,184,48,178,"Yes")++
1`(1445,"Chemistery",53,796,948,141,168,182,177,183,49,"No")++
1`(1446,"Chemistery",56,752,684,0,0,0,0,0,0,"No")++
1`(1447,"Chemistery",59,737,822,148,136,153,136,166,43,"No")++
1`(1448,"Chemistery",41,905,940,183,149,184,147,185,92,"No")++
1`(1449,"Chemistery",46,872,825,131,162,152,141,151,45,"No")++
1`(1450,"Chemistery",51,808,808,148,143,135,0,0,0,"No")++
1`(1451,"Chemistery",50,722,843,0,0,0,0,0,0,"No")++
1`(1452,"Chemistery",63,891,868,144,176,46,160,149,149,"No")++
1`(1453,"Chemistery",37,900,936,78,75,91,80,46,60,"No")++
1`(1454,"Chemistery",78,975,1007,184,196,178,196,45,47,"Yes")++
1`(1455,"Chemistery",63,860,927,171,176,177,153,158,48,"No")++
1`(1456,"Chemistery",50,674,881,166,143,163,172,0,0,"No")++
1`(1457,"Chemistery",65,969,896,0,0,0,0,0,0,"No")++
1`(1458,"Chemistery",59,883,968,0,0,0,0,0,0,"Yes")++
1`(1459,"Chemistery",54,732,769,163,116,144,145,124,44,"No")++
1`(1460,"Chemistery",43,839,831,135,161,112,172,165,43,"No")++
1`(1461,"Chemistery",51,852,775,147,159,41,115,132,136,"No")++
1`(1462,"Chemistery",56,871,970,176,169,173,46,191,46,"No")++
1`(1463,"Chemistery",59,758,880,0,0,0,0,0,0,"No")++
1`(1464,"Chemistery",65,883,880,0,0,0,0,0,0,"No")++
1`(1465,"Chemistery",62,848,913,182,163,177,147,161,45,"No")++
1`(1466,"Chemistery",49,740,839,164,158,151,112,159,95,"No")++
1`(1467,"Chemistery",66,923,942,165,171,175,162,187,0,"No")++
1`(1468,"Chemistery",72,698,778,115,160,140,149,134,80,"No")++
1`(1469,"Chemistery",49,833,844,154,155,155,144,158,43,"No")++
1`(1470,"Chemistery",44,677,579,107,89,77,125,95,43,"No")++
1`(1471,"Chemistery",52,808,835,155,151,153,152,46,134,"No")++
1`(1472,"Chemistery",66,723,730,116,133,148,132,116,43,"No")++
1`(1473,"Chemistery",60,939,999,168,175,43,185,198,185,"Yes")++
1`(1474,"Chemistery",60,819,679,139,129,99,121,107,43,"No")++
1`(1475,"Chemistery",50,868,869,150,160,171,167,133,46,"No")++
1`(1476,"Chemistery",83,850,921,154,48,42,172,168,167,"No")++
1`(1477,"Chemistery",75,898,970,179,182,184,178,47,152,"Yes")++
1`(1478,"Chemistery",0,879,824,139,152,44,160,132,157,"No")++
1`(1479,"Chemistery",56,957,996,183,183,182,0,0,0,"Yes")++
1`(1480,"Chemistery",53,934,843,0,0,0,0,0,0,"No")++
1`(1481,"Chemistery",55,809,942,188,151,181,155,179,45,"No")++
1`(1482,"Chemistery",0,893,905,150,164,82,176,174,159,"No")++
1`(1483,"Chemistery",51,845,880,163,165,156,155,158,46,"No")++
1`(1484,"Chemistery",55,894,890,143,79,167,165,172,40,"No")++
1`(1485,"Chemistery",0,735,580,89,106,92,141,44,44,"No")++
1`(1486,"Chemistery",73,855,924,167,163,176,177,0,0,"No")++
1`(1487,"Chemistery",51,889,936,165,168,44,182,160,171,"No")++
1`(1488,"Chemistery",74,948,973,147,168,49,191,187,185,"Yes")++
1`(1489,"Chemistery",50,746,833,0,0,0,0,0,0,"No")++
1`(1490,"Chemistery",57,885,814,147,164,137,148,44,133,"No")++
1`(1491,"Chemistery",77,937,957,165,149,185,185,179,46,"Yes")++
1`(1492,"Chemistery",8,735,736,48,63,54,64,80,39,"No")++
1`(1493,"Chemistery",58,925,915,148,163,175,162,182,46,"No")++
1`(1494,"Chemistery",64,844,909,165,46,158,43,187,136,"No")++
1`(1495,"Chemistery",67,928,865,0,0,0,0,0,0,"No")++
1`(1496,"Chemistery",62,905,928,177,164,177,0,0,0,"No")++
1`(1497,"Chemistery",65,964,995,171,182,184,179,48,186,"Yes")++
1`(1498,"Chemistery",136,870,899,125,123,47,178,188,191,"No")++
1`(1499,"Chemistery",48,935,937,0,0,0,0,0,0,"No")++
1`(1500,"Chemistery",51,871,793,0,0,0,0,0,0,"No")++
1`(1501,"Chemistery",44,670,689,132,107,146,96,48,116,"No")++
1`(1502,"Chemistery",45,646,644,74,47,37,43,43,52,"No")++
1`(1503,"Chemistery",65,943,924,182,157,153,156,151,46,"No")++
1`(1504,"Chemistery",0,848,896,180,160,141,170,0,0,"No")++
1`(1505,"Chemistery",65,981,976,177,188,151,187,178,47,"Yes")++
1`(1506,"Chemistery",53,731,802,124,169,141,146,135,87,"No")++
1`(1507,"Chemistery",53,592,560,68,0,33,0,28,0,"No")++
1`(1508,"Chemistery",52,864,912,180,144,172,167,157,47,"No")++
1`(1509,"Chemistery",63,732,666,134,97,46,143,113,89,"No")++
1`(1510,"Chemistery",56,867,858,145,168,44,159,159,147,"No")++
1`(1511,"Chemistery",42,919,880,0,0,0,0,0,0,"No")++
1`(1512,"Chemistery",53,941,925,134,188,175,186,0,0,"No")++
1`(1513,"Chemistery",50,843,705,144,106,102,130,0,0,"No")++
1`(1514,"Chemistery",56,749,842,142,161,172,146,0,0,"No")++
1`(1515,"Chemistery",58,872,812,162,138,140,139,144,45,"No")++
1`(1516,"Chemistery",62,906,982,177,149,92,188,183,193,"Yes")++
1`(1517,"Chemistery",53,775,872,162,151,173,155,141,47,"No")++
1`(1518,"Chemistery",54,905,883,139,146,172,176,163,44,"No")++
1`(1519,"Chemistery",0,932,950,147,181,181,176,46,179,"No")++
1`(1520,"Chemistery",45,884,953,157,184,144,191,43,189,"No")++
1`(1521,"Chemistery",70,965,948,179,155,177,173,182,43,"Yes")++
1`(1522,"Chemistery",63,825,756,150,134,45,150,102,135,"No")++
1`(1523,"Chemistery",45,855,836,0,0,0,0,0,0,"No")++
1`(1524,"Chemistery",85,972,983,151,168,90,191,191,192,"Yes")++
1`(1525,"Chemistery",74,928,972,167,165,93,191,174,182,"Yes")++
1`(1526,"Chemistery",40,895,865,177,159,139,87,179,124,"No")++
1`(1527,"Chemistery",44,877,779,143,146,127,46,174,101,"No")++
1`(1528,"Chemistery",58,926,977,192,183,173,0,0,0,"Yes")++
1`(1529,"Chemistery",54,815,818,118,157,130,168,159,46,"No")++
1`(1530,"Chemistery",56,934,896,162,172,162,161,148,43,"No")++
1`(1531,"Chemistery",60,767,770,129,142,138,146,136,42,"No")++
1`(1532,"Chemistery",70,770,908,156,160,168,167,174,86,"No")++
1`(1533,"Chemistery",24,945,923,170,178,166,158,158,48,"No")++
1`(1534,"Chemistery",54,989,923,164,172,184,160,0,0,"No")++
1`(1535,"Chemistery",54,933,1008,198,195,184,170,171,46,"Yes")++
1`(1536,"Chemistery",63,830,972,154,182,48,174,182,187,"Yes")++
1`(1537,"Chemistery",42,549,598,87,110,91,131,59,120,"No")++
1`(1538,"Chemistery",61,907,925,164,0,0,0,0,0,"No")++
1`(1539,"Chemistery",57,814,807,159,135,152,44,122,43,"No")++
1`(1540,"Chemistery",62,848,830,145,158,133,140,41,170,"No")++
1`(1541,"Chemistery",58,811,804,131,131,40,144,160,152,"No")++
1`(1542,"Chemistery",66,952,943,158,173,156,178,184,45,"No")++
1`(1543,"Chemistery",54,724,935,179,148,175,169,174,90,"No")++
1`(1544,"Chemistery",0,877,924,168,186,165,162,159,45,"No")++
1`(1545,"Chemistery",0,883,909,159,149,45,163,47,182,"No")++
1`(1546,"Chemistery",70,770,908,156,160,168,167,174,86,"No")++
1`(1547,"Chemistery",24,945,923,170,178,166,158,158,48,"No")++
1`(1548,"Chemistery",55,962,978,145,185,180,186,190,46,"Yes")++
1`(1549,"Chemistery",58,683,771,119,142,135,149,141,39,"No")++
1`(1550,"Chemistery",49,917,772,139,154,130,137,139,0,"No")++
1`(1551,"Chemistery",52,843,817,143,160,153,128,152,44,"No")++
1`(1552,"Chemistery",0,967,949,0,0,0,0,0,0,"No")++
1`(1553,"Chemistery",52,738,794,114,129,160,161,141,48,"No")++
1`(1554,"Chemistery",52,924,952,175,162,90,180,187,158,"No")++
1`(1555,"Chemistery",50,753,879,0,0,0,0,0,0,"No")++
1`(1556,"Chemistery",96,803,860,124,0,0,0,0,0,"No")++
1`(1557,"Chemistery",42,843,810,122,168,134,148,0,0,"No")++
1`(1558,"Chemistery",47,931,958,157,152,47,184,194,179,"No")++
1`(1559,"Chemistery",52,906,976,163,180,178,188,174,45,"Yes")++
1`(1560,"Chemistery",56,798,799,140,134,149,137,0,0,"No")++
1`(1561,"Chemistery",55,710,790,147,133,147,45,108,44,"No")++
1`(1562,"Chemistery",46,711,712,138,137,110,139,40,108,"No")++
1`(1563,"Chemistery",57,922,988,183,166,185,176,187,46,"Yes")++
1`(1564,"Chemistery",53,884,905,160,169,48,157,145,180,"No")++
1`(1565,"Chemistery",53,910,889,154,164,91,162,153,165,"No")++
1`(1566,"Chemistery",54,927,947,179,169,177,143,185,47,"No")++
1`(1567,"Chemistery",46,767,805,151,143,130,147,89,145,"No")++
1`(1568,"Chemistery",42,793,689,136,139,135,0,0,0,"No")++
1`(1569,"Chemistery",65,873,958,155,177,48,174,179,179,"Yes")++
1`(1570,"Chemistery",51,746,803,134,145,160,124,111,47,"No")++
1`(1571,"Chemistery",0,868,866,0,0,0,0,0,0,"No")++
1`(1572,"Chemistery",64,911,904,137,172,173,193,0,0,"No")++
1`(1573,"Chemistery",52,884,805,137,121,39,167,137,162,"No")++
1`(1574,"Chemistery",70,961,972,0,0,0,0,0,0,"No")++
1`(1575,"Chemistery",0,800,809,132,36,165,148,139,149,"No")++
1`(1576,"Chemistery",47,890,700,0,0,0,0,0,0,"No")++
1`(1577,"Chemistery",40,792,806,155,169,143,144,107,43,"No")++
1`(1578,"Chemistery",57,759,899,161,166,172,153,154,47,"No")++
1`(1579,"Chemistery",0,954,967,187,173,184,158,158,45,"No")++
1`(1580,"Chemistery",45,812,866,117,45,45,172,170,183,"No")++
1`(1581,"Chemistery",57,790,754,146,138,121,135,127,43,"No")++
1`(1582,"Chemistery",55,863,779,136,158,151,120,136,39,"No")++
1`(1583,"Chemistery",52,802,765,125,143,142,133,39,41,"No")++
1`(1584,"Chemistery",42,954,934,142,180,154,176,45,190,"No")++
1`(1585,"Chemistery",65,887,974,187,193,174,166,160,0,"Yes")++
1`(1586,"Chemistery",62,869,874,174,167,179,132,134,43,"No")++
1`(1587,"Chemistery",66,952,943,158,173,156,178,184,45,"No")++
1`(1588,"Chemistery",8,735,736,48,63,54,64,80,39,"No")++
1`(1589,"Chemistery",85,972,983,151,168,90,191,191,192,"Yes")++
1`(1590,"Chemistery",57,769,772,86,62,83,42,48,44,"No")++
1`(1591,"Chemistery",56,752,684,0,0,0,0,0,0,"No")++
1`(1592,"Chemistery",60,743,892,167,165,173,151,0,0,"No")++
1`(1593,"Chemistery",53,592,560,68,0,33,0,28,0,"No")++
1`(1594,"Chemistery",1,831,700,114,91,151,131,137,38,"No")++
1`(1595,"Chemistery",50,616,754,162,91,40,146,151,116,"No")++
1`(1596,"Chemistery",65,876,936,184,161,179,47,176,143,"No")++
1`(1597,"Chemistery",46,920,916,156,152,170,181,170,42,"No")++
1`(1598,"Chemistery",51,794,768,71,55,77,53,46,82,"No")++
1`(1599,"Chemistery",66,882,929,149,185,44,168,157,184,"No")++
1`(1600,"Chemistery",66,904,954,143,185,126,185,136,182,"No")++
1`(1601,"Chemistery",50,929,913,158,151,45,175,164,174,"No")++
1`(1602,"Chemistery",48,811,690,140,100,81,129,95,145,"No")++
1`(1603,"Chemistery",55,855,854,145,153,147,170,41,159,"No")++
1`(1604,"Chemistery",52,925,934,154,160,48,179,165,185,"No")++
1`(1605,"Chemistery",58,915,795,0,0,0,0,0,0,"No")++
1`(1606,"Chemistery",60,799,787,150,110,160,155,126,45,"No")++
1`(1607,"Chemistery",50,707,720,105,147,145,112,43,0,"No")++
1`(1608,"Chemistery",54,879,847,0,0,0,0,0,0,"No")++
1`(1609,"Chemistery",0,800,861,162,154,46,169,168,117,"No")++
1`(1610,"Chemistery",59,944,732,138,100,146,148,124,42,"No")++
1`(1611,"Chemistery",58,693,731,0,0,0,0,0,0,"No")++
1`(1612,"Chemistery",63,697,749,133,132,146,117,47,132,"No")++
1`(1613,"Chemistery",70,884,918,161,168,46,162,149,185,"No")++
1`(1614,"Chemistery",71,882,920,151,165,86,171,182,165,"No")++
1`(1615,"Chemistery",63,820,867,0,0,0,0,0,0,"No")++
1`(1616,"Chemistery",56,732,855,133,133,172,171,80,166,"No")++
1`(1617,"Chemistery",56,952,848,153,165,158,121,160,0,"No")++
1`(1618,"Chemistery",65,946,874,174,141,168,138,163,46,"No")++
1`(1619,"Chemistery",75,938,996,175,189,193,157,190,46,"Yes")++
1`(1620,"Chemistery",41,766,840,160,138,158,142,158,39,"No")++
1`(1621,"Chemistery",53,803,708,126,102,134,0,133,0,"No")++
1`(1622,"Chemistery",61,924,952,156,172,48,173,182,176,"Yes")++
1`(1623,"Chemistery",64,950,993,162,175,47,177,200,187,"Yes")++
1`(1624,"Chemistery",54,925,813,160,44,49,124,147,143,"No")++
1`(1625,"Chemistery",60,929,800,151,164,134,43,153,110,"No")++
1`(1626,"Chemistery",38,878,897,143,135,45,176,171,182,"No")++
1`(1627,"Chemistery",22,860,854,165,164,154,149,0,0,"No")++
1`(1628,"Chemistery",75,904,980,151,169,49,195,189,180,"Yes")++
1`(1629,"Chemistery",49,717,785,134,141,146,160,115,44,"No")++
1`(1630,"Chemistery",60,931,935,164,166,171,172,46,175,"No")++
1`(1631,"Chemistery",44,586,820,138,49,48,139,165,159,"No")++
1`(1632,"Chemistery",76,711,930,174,173,164,176,0,0,"No")++
1`(1633,"Chemistery",50,912,905,0,0,0,0,0,0,"No")++
1`(1634,"Chemistery",45,782,743,144,127,86,173,36,135,"No")++
1`(1635,"Chemistery",55,824,824,151,165,41,150,126,145,"No")++
1`(1636,"Chemistery",53,825,868,184,165,169,0,0,0,"No")++
1`(1637,"Chemistery",56,904,873,155,133,157,179,45,160,"No")++
1`(1638,"Chemistery",50,616,754,162,91,40,146,151,116,"No")++
1`(1639,"Chemistery",67,868,925,180,186,189,0,0,0,"No")++
1`(1640,"Chemistery",46,920,916,156,152,170,181,170,42,"No")++
1`(1641,"Chemistery",45,888,836,142,132,46,169,151,150,"No")++
1`(1642,"Chemistery",71,747,918,133,172,186,189,0,0,"No")++
1`(1643,"Chemistery",42,739,751,0,0,0,0,0,0,"No")++
1`(1644,"Chemistery",37,881,927,0,0,0,0,0,0,"No")++
1`(1645,"Chemistery",0,736,776,146,124,157,26,138,140,"No")++
1`(1646,"Chemistery",72,859,906,134,46,45,174,185,162,"No")++
1`(1647,"Chemistery",51,893,863,154,138,162,156,159,48,"No")++
1`(1648,"Chemistery",52,826,795,0,0,0,0,0,0,"No")++
1`(1649,"Chemistery",58,924,867,175,105,181,168,0,0,"No")++
1`(1650,"Chemistery",73,912,919,177,179,168,46,152,155,"No")++
1`(1651,"Chemistery",0,925,927,153,176,176,171,46,160,"No")++
1`(1652,"Chemistery",53,793,785,132,155,149,145,118,43,"No")++
1`(1653,"Chemistery",30,832,740,137,115,41,131,145,136,"No")++
1`(1654,"Chemistery",69,934,969,179,90,186,146,193,175,"No")++
1`(1655,"Chemistery",63,887,831,128,135,184,0,0,0,"No")++
1`(1656,"Chemistery",55,930,943,163,169,176,183,161,49,"No")++
1`(1657,"Chemistery",56,765,857,132,144,169,159,166,45,"No")++
1`(1658,"Chemistery",58,863,959,166,165,48,163,175,198,"No")++
1`(1659,"Chemistery",59,974,953,148,162,48,181,191,178,"No")++
1`(1660,"Chemistery",50,920,850,146,148,38,153,160,160,"No")++
1`(1661,"Chemistery",42,698,830,0,0,0,0,0,0,"No")++
1`(1662,"Chemistery",64,809,878,179,167,154,159,0,0,"No")++
1`(1663,"Chemistery",35,615,730,129,154,47,131,101,124,"No")++
1`(1664,"Chemistery",45,751,708,134,116,44,132,135,100,"No")++
1`(1665,"Chemistery",61,919,883,129,173,173,164,159,43,"No")++
1`(1666,"Chemistery",55,982,925,0,0,0,0,0,0,"No")++
1`(1667,"Chemistery",59,790,808,0,0,0,0,0,0,"No")++
1`(1668,"Chemistery",66,904,954,143,185,126,185,136,182,"No")++
1`(1669,"Chemistery",49,772,848,140,158,46,166,125,166,"No")++
1`(1670,"Chemistery",55,821,745,136,125,83,150,117,134,"No")++
1`(1671,"Chemistery",49,683,619,97,123,31,138,37,102,"No")++
1`(1672,"Chemistery",63,840,881,127,153,39,176,166,176,"No")++
1`(1673,"Chemistery",45,749,818,159,135,156,143,42,138,"No")++
1`(1674,"Chemistery",49,650,669,149,109,40,128,92,107,"No")++
1`(1675,"Chemistery",61,967,957,173,180,183,153,175,0,"No")++
1`(1676,"Chemistery",48,769,553,97,82,85,73,134,40,"No")++
1`(1677,"Chemistery",48,887,944,157,45,45,181,189,172,"No")++
1`(1678,"Chemistery",64,943,916,142,174,44,184,148,181,"No")++
1`(1679,"Chemistery",52,735,710,138,142,111,101,140,39,"No")++
1`(1680,"Chemistery",50,849,737,120,144,140,136,0,0,"No")++
1`(1681,"Chemistery",59,924,854,129,144,42,172,175,150,"No")++
1`(1682,"Chemistery",50,812,604,121,38,38,109,117,95,"No")++
1`(1683,"Chemistery",52,911,870,129,44,44,182,162,153,"No")++
1`(1684,"Chemistery",58,931,977,153,178,186,183,182,48,"Yes")++
1`(1685,"Chemistery",0,929,946,167,152,178,176,183,44,"No")++
1`(1686,"Chemistery",72,825,851,155,133,39,41,157,1172,"No")++
1`(1687,"Chemistery",41,697,734,0,0,0,0,0,0,"No")++
1`(1688,"Chemistery",52,827,892,185,108,188,150,170,47,"No")++
1`(1689,"Chemistery",0,798,795,159,158,89,150,114,125,"No")++
1`(1690,"Chemistery",52,800,885,157,169,44,171,154,146,"No")++
1`(1691,"Chemistery",0,906,916,155,170,173,175,0,0,"No")++
1`(1692,"Chemistery",55,925,879,153,166,172,152,149,44,"No")++
1`(1693,"Chemistery",60,877,950,169,173,182,172,0,0,"No")++
1`(1694,"Chemistery",37,779,694,112,126,103,142,0,0,"No")++
1`(1695,"Chemistery",56,825,765,154,129,157,153,95,77,"No")++
1`(1696,"Chemistery",60,872,763,0,0,0,0,0,0,"No")++
1`(1697,"Chemistery",50,827,826,128,159,152,153,43,0,"No")++
1`(1698,"Chemistery",42,661,848,150,0,176,0,169,0,"No")++
1`(1699,"Chemistery",0,799,720,141,106,114,147,130,43,"No")++
1`(1700,"Chemistery",0,953,933,0,0,0,0,0,0,"No")++
1`(1701,"Chemistery",0,859,894,151,48,44,170,162,157,"No")++
1`(1702,"Chemistery",77,944,944,143,166,191,180,172,45,"No")++
1`(1703,"Chemistery",63,824,878,148,168,90,159,180,133,"No")++
1`(1704,"Chemistery",47,887,886,46,163,163,148,148,173,"No")++
1`(1705,"Chemistery",56,916,946,157,176,48,180,175,161,"No")++
1`(1706,"Chemistery",50,749,752,137,86,146,124,165,48,"No")++
1`(1707,"Chemistery",33,835,880,153,155,153,169,43,161,"No")++
1`(1708,"Chemistery",0,916,932,187,188,163,149,154,44,"No")++
1`(1709,"Chemistery",57,936,935,142,185,170,172,174,44,"No")++
1`(1710,"Chemistery",62,820,800,113,166,44,145,135,153,"No")++
1`(1711,"Chemistery",44,833,803,0,0,0,0,0,0,"No")++
1`(1712,"Chemistery",55,872,928,167,171,172,168,47,43,"No")++
1`(1713,"Chemistery",49,747,825,145,138,143,155,151,93,"No")++
1`(1714,"Chemistery",17,728,535,131,74,102,70,43,74,"No")++
1`(1715,"Chemistery",44,899,864,156,176,48,143,158,142,"No")++
1`(1716,"Chemistery",52,666,749,138,148,124,143,35,119,"No")++
1`(1717,"Chemistery",65,876,936,184,161,179,47,176,143,"No")++
1`(1718,"Chemistery",48,824,754,149,117,117,158,44,123,"No")++
1`(1719,"Chemistery",70,948,987,0,0,0,0,0,0,"Yes")++
1`(1720,"Chemistery",52,935,930,180,140,187,158,176,89,"No")++
1`(1721,"Chemistery",66,944,938,187,180,176,153,150,47,"No")++
1`(1722,"Chemistery",59,816,765,127,139,106,173,41,135,"No")++
1`(1723,"Chemistery",60,908,936,159,173,166,175,175,0,"No")++
1`(1724,"Chemistery",64,908,919,174,159,169,152,172,47,"No")++
1`(1725,"Chemistery",57,871,929,172,170,180,157,47,159,"No")++
1`(1726,"Chemistery",63,846,913,156,163,157,184,45,165,"No")++
1`(1727,"Chemistery",45,760,736,101,108,33,153,133,166,"No")++
1`(1728,"Chemistery",78,906,913,149,170,150,176,89,179,"No")++
1`(1729,"Chemistery",49,577,598,106,96,33,35,0,0,"No")++
1`(1730,"Chemistery",55,798,775,0,0,0,0,0,0,"No")++
1`(1731,"Chemistery",24,848,893,158,166,163,159,161,43,"No")++
1`(1732,"Chemistery",59,1008,983,194,186,173,158,174,49,"Yes")++
1`(1733,"Chemistery",77,901,975,166,181,185,181,43,0,"Yes")++
1`(1734,"Chemistery",62,920,896,139,164,47,159,179,164,"No")++
1`(1735,"Chemistery",61,854,884,169,152,146,42,174,46,"No")++
1`(1736,"Chemistery",0,928,913,163,174,180,165,145,43,"No")++
1`(1737,"Chemistery",41,803,827,155,140,141,168,0,0,"No")++
1`(1738,"Chemistery",53,783,822,136,155,41,107,111,158,"No")++
1`(1739,"Chemistery",41,672,717,152,118,138,126,0,0,"No")++
1`(1740,"Chemistery",57,912,1,148,143,42,161,143,160,"No")++
1`(1741,"Chemistery",56,855,781,151,147,151,122,0,0,"No")++
1`(1742,"Chemistery",77,978,980,196,157,185,178,175,46,"Yes")++
1`(1743,"Chemistery",65,917,860,151,165,41,144,164,151,"No")++
1`(1744,"Chemistery",0,863,995,164,174,48,192,186,182,"No")++
1`(1745,"Chemistery",49,905,919,177,156,41,174,151,177,"No")++
1`(1746,"Chemistery",59,809,802,137,137,41,161,146,135,"No")++
1`(1747,"Chemistery",69,754,934,180,139,175,172,174,94,"No")++
1`(1748,"Chemistery",66,992,1010,167,181,186,151,188,48,"Yes")++
1`(1749,"Chemistery",53,841,793,143,134,45,153,144,133,"No")++
1`(1750,"Chemistery",52,943,927,168,163,152,157,186,43,"No")++
1`(1751,"Chemistery",54,949,897,170,168,46,154,165,154,"No")++
1`(1752,"Chemistery",60,822,812,170,161,156,124,42,40,"No")++
1`(1753,"Chemistery",57,988,967,177,183,184,173,0,0,"No")++
1`(1754,"Chemistery",54,954,988,177,162,183,47,192,182,"Yes")++
1`(1755,"Chemistery",57,738,763,134,133,135,132,132,135,"No")++
1`(1756,"Chemistery",0,890,926,156,161,189,166,0,0,"No")++
1`(1757,"Chemistery",55,835,788,162,155,127,124,146,37,"No")++
1`(1758,"Chemistery",60,837,912,150,152,49,163,169,183,"No")++
1`(1759,"Chemistery",58,956,987,0,0,0,0,0,0,"Yes")++
1`(1760,"Chemistery",0,982,1003,180,181,191,165,195,91,"No")++
1`(1761,"Chemistery",1,765,981,165,170,48,181,183,186,"No")++
1`(1762,"Chemistery",44,780,731,127,126,151,117,0,0,"No")++
1`(1763,"Chemistery",51,850,796,146,135,137,133,160,45,"No")++
1`(1764,"Chemistery",66,882,929,149,185,44,168,157,184,"No")++
1`(1765,"Chemistery",65,990,995,192,189,186,165,0,0,"Yes")++
1`(1766,"Chemistery",55,835,766,67,59,63,76,0,0,"No")++
1`(1767,"Chemistery",0,881,703,130,115,145,130,108,33,"No")++
1`(1768,"Chemistery",72,879,793,139,123,42,140,165,136,"No")++
1`(1769,"Chemistery",56,892,801,146,106,37,175,143,153,"No")++
1`(1770,"Chemistery",70,974,1017,158,184,94,197,195,189,"Yes")++
1`(1771,"Chemistery",50,782,852,132,152,166,167,0,0,"No")++
1`(1772,"Chemistery",50,854,856,159,46,37,175,170,142,"No")++
1`(1773,"Chemistery",0,756,703,114,111,138,125,43,126,"No")++
1`(1774,"Chemistery",53,819,795,150,142,149,138,44,127,"No")++
1`(1775,"Chemistery",70,854,951,174,194,167,48,170,153,"No")++
1`(1776,"Chemistery",60,828,823,124,149,150,172,137,0,"No")++
1`(1777,"Chemistery",42,982,899,0,0,0,0,0,0,"No")++
1`(1778,"Chemistery",71,951,999,175,187,197,183,0,0,"Yes")++
1`(1779,"Chemistery",59,747,689,138,113,125,0,93,0,"No")++
1`(1780,"Chemistery",72,843,756,120,156,148,138,105,44,"No")++
1`(1781,"Chemistery",73,960,989,0,0,0,0,0,0,"Yes")++
1`(1782,"Chemistery",51,765,801,146,148,122,0,0,0,"No")++
1`(1783,"Chemistery",52,862,919,143,164,45,163,174,184,"No")++
1`(1784,"Chemistery",71,722,925,158,173,158,180,45,164,"No")++
1`(1785,"Chemistery",54,731,889,147,174,122,183,49,168,"No")++
1`(1786,"Chemistery",57,841,770,0,0,0,0,0,0,"No")++
1`(1787,"Chemistery",50,945,877,154,156,151,155,170,47,"No")++
1`(1788,"Chemistery",45,780,886,160,45,126,175,47,170,"No")++
1`(1789,"Chemistery",65,946,909,164,174,149,183,45,151,"No")++
1`(1790,"Chemistery",59,970,959,146,160,190,188,179,0,"No")++
1`(1791,"Chemistery",51,883,878,147,46,46,161,158,166,"No")++
1`(1792,"Chemistery",54,805,755,136,124,137,147,0,0,"No")++
1`(1793,"Chemistery",55,748,871,153,126,46,160,160,182,"No")++
1`(1794,"Chemistery",51,702,819,149,164,150,45,134,46,"No")++
1`(1795,"Chemistery",62,868,844,123,155,177,0,166,0,"No")++
1`(1796,"Chemistery",44,719,813,140,141,164,122,42,161,"No")++
1`(1797,"Chemistery",1,909,848,143,155,184,139,143,41,"No")++
1`(1798,"Chemistery",52,866,804,150,136,150,148,134,42,"No")++
1`(1799,"Chemistery",40,712,657,98,91,108,118,157,43,"No")++
1`(1800,"Chemistery",50,896,932,183,189,177,0,0,0,"No")++
1`(1801,"Chemistery",65,879,896,163,129,42,156,178,183,"No")++
1`(1802,"Chemistery",0,865,808,131,155,40,143,149,144,"No")++
1`(1803,"Chemistery",77,816,948,178,160,170,176,173,91,"Yes")++
1`(1804,"Chemistery",46,929,903,145,139,41,177,175,181,"No")++
1`(1805,"Chemistery",42,902,893,161,154,167,39,157,174,"No")++
1`(1806,"Chemistery",60,813,804,176,120,151,141,122,50,"No")++
1`(1807,"Chemistery",29,930,911,139,47,44,187,158,197,"No")++
1`(1808,"Chemistery",63,801,812,160,160,39,136,139,131,"No")++
1`(1809,"Chemistery",64,908,919,174,159,169,152,172,47,"No")++
1`(1810,"Chemistery",57,871,929,172,170,180,157,47,159,"No")++
1`(1811,"Chemistery",73,998,980,189,164,193,47,190,152,"Yes")++
1`(1812,"Chemistery",63,803,921,172,161,173,167,159,0,"No")++
1`(1813,"Chemistery",55,946,928,164,164,47,162,172,173,"No")++
1`(1814,"Chemistery",0,925,971,161,175,179,177,40,191,"No")++
1`(1815,"Chemistery",57,912,1,148,143,42,161,143,160,"No")++
1`(1816,"Chemistery",46,594,688,140,138,116,0,0,0,"No")++
1`(1817,"Chemistery",74,966,953,170,171,159,178,186,46,"Yes")++
1`(1818,"Chemistery",54,840,887,148,173,165,160,156,44,"No")++
1`(1819,"Chemistery",82,982,962,167,179,48,184,173,168,"Yes")++
1`(1820,"Chemistery",47,807,753,52,73,57,61,70,43,"No")++
1`(1821,"Chemistery",59,800,805,63,64,82,85,74,93,"No")++
1`(1822,"Chemistery",53,855,795,142,146,43,142,144,135,"No")++
1`(1823,"Chemistery",57,790,605,0,0,0,0,0,0,"No")++
1`(1824,"Chemistery",60,844,857,0,0,0,0,0,0,"No")++
1`(1825,"Chemistery",66,802,910,173,175,178,148,148,42,"No")++
1`(1826,"Chemistery",54,822,751,132,128,131,135,152,73,"No")++
1`(1827,"Chemistery",44,698,754,155,115,140,138,123,0,"No")++
1`(1828,"Chemistery",48,873,807,144,134,93,150,139,147,"No")++
1`(1829,"Chemistery",80,852,894,162,171,147,155,0,0,"No")++
1`(1830,"Chemistery",48,837,984,161,183,48,192,171,181,"No")++
1`(1831,"Chemistery",56,756,804,136,129,154,147,0,0,"No")++
1`(1832,"Chemistery",47,895,890,144,179,166,157,0,0,"No")++
1`(1833,"Chemistery",0,697,863,152,159,41,161,161,150,"No")++
1`(1834,"Chemistery",51,937,1001,185,0,0,0,0,0,"Yes")++
1`(1835,"Chemistery",56,979,917,180,162,170,178,150,43,"No")++
1`(1836,"Chemistery",50,928,916,168,171,180,147,163,45,"No")++
1`(1837,"Chemistery",70,865,765,56,55,64,70,54,46,"No")++
1`(1838,"Chemistery",79,937,961,178,178,179,181,0,0,"Yes")++
1`(1839,"Chemistery",54,869,960,161,189,157,173,97,183,"No")++
1`(1840,"Chemistery",55,964,915,148,183,176,182,145,43,"No")++
1`(1841,"Chemistery",67,866,902,179,143,159,160,170,44,"No")++
1`(1842,"Chemistery",61,893,972,174,181,182,185,160,46,"Yes")++
1`(1843,"Chemistery",60,953,957,168,192,152,175,45,178,"No")++
1`(1844,"Chemistery",0,899,926,175,176,171,174,143,46,"No")++
1`(1845,"Chemistery",50,843,954,161,174,46,182,173,171,"No")++
1`(1846,"Chemistery",72,883,947,171,177,179,156,176,48,"No")++
1`(1847,"Chemistery",0,891,927,153,47,44,174,168,169,"No")++
1`(1848,"Chemistery",56,832,903,153,142,42,170,167,182,"No")++
1`(1849,"Chemistery",92,862,844,138,171,44,146,132,168,"No")++
1`(1850,"Chemistery",57,891,961,194,164,181,148,181,49,"No")++
1`(1851,"Chemistery",47,886,740,148,165,42,108,131,103,"No")++
1`(1852,"Chemistery",0,776,722,106,162,85,109,119,141,"No")++
1`(1853,"Chemistery",50,964,898,133,163,176,183,0,0,"No")++
1`(1854,"Chemistery",72,918,942,152,183,188,47,171,160,"No")++
1`(1855,"Chemistery",0,956,934,170,179,156,181,48,162,"No")++
1`(1856,"Chemistery",73,874,911,172,162,174,171,141,47,"No")++
1`(1857,"Chemistery",60,861,910,157,150,47,186,168,162,"No")++
1`(1858,"Chemistery",68,807,891,152,171,164,164,0,0,"No")++
1`(1859,"Chemistery",64,947,948,187,173,186,175,134,47,"No")++
1`(1860,"Chemistery",42,849,934,170,163,181,150,178,48,"No")++
1`(1861,"Chemistery",67,895,814,147,156,47,144,145,132,"No")++
1`(1862,"Chemistery",54,700,871,155,161,162,47,166,141,"No")++
1`(1863,"Chemistery",61,978,993,163,176,47,186,181,192,"Yes")++
1`(1864,"Chemistery",40,847,976,164,195,183,181,0,0,"No")++
1`(1865,"Chemistery",60,873,879,150,151,151,165,168,47,"No")++
1`(1866,"Chemistery",53,823,785,147,146,127,116,157,46,"No")++
1`(1867,"Chemistery",49,692,723,144,121,138,130,109,39,"No")++
1`(1868,"Chemistery",56,860,842,137,138,178,45,148,152,"No")++
1`(1869,"Chemistery",70,885,841,169,171,47,159,138,119,"No")++
1`(1870,"Chemistery",17,940,884,0,0,0,0,0,0,"No")++
1`(1871,"Chemistery",56,791,813,156,140,42,134,154,142,"No")++
1`(1872,"Chemistery",48,896,871,155,135,37,0,0,0,"No")++
1`(1873,"Chemistery",57,973,946,179,160,165,170,180,48,"No")++
1`(1874,"Chemistery",25,910,709,46,0,119,0,39,0,"No")++
1`(1875,"Chemistery",0,799,859,151,144,37,173,147,160,"No")++
1`(1876,"Chemistery",64,887,956,180,155,193,93,186,149,"No")++
1`(1877,"Chemistery",52,853,696,126,125,157,94,44,107,"No")++
1`(1878,"Chemistery",40,853,879,171,142,167,154,154,46,"No")++
1`(1879,"Chemistery",82,982,962,167,179,48,184,173,168,"Yes")++
1`(1880,"Chemistery",87,938,989,163,183,46,194,171,185,"Yes")++
1`(1881,"Chemistery",74,966,953,170,171,159,178,186,46,"Yes")++
1`(1882,"Chemistery",50,794,804,123,170,74,166,134,137,"No")++
1`(1883,"Chemistery",62,919,863,0,0,0,0,0,0,"No")++
1`(1884,"Chemistery",58,993,945,0,0,0,0,0,0,"No")++
1`(1885,"Chemistery",51,760,753,0,0,0,0,0,0,"No")++
1`(1886,"Chemistery",73,919,943,75,75,84,46,73,80,"No")++
1`(1887,"Chemistery",59,858,882,157,127,45,175,172,160,"No")++
1`(1888,"Chemistery",0,711,886,153,140,175,40,170,166,"No")++
1`(1889,"Chemistery",55,945,864,162,176,133,159,143,46,"No")++
1`(1890,"Chemistery",78,938,985,157,182,185,188,183,46,"Yes")++
1`(1891,"Chemistery",61,930,982,186,167,93,187,177,172,"Yes")++
1`(1892,"Chemistery",66,957,961,170,187,150,188,177,89,"Yes")++
1`(1893,"Chemistery",56,945,893,0,0,0,0,0,0,"No")++
1`(1894,"Chemistery",53,882,937,176,169,172,0,0,0,"No")++
1`(1895,"Chemistery",54,829,828,126,164,140,150,44,160,"No")++
1`(1896,"Chemistery",0,865,894,148,173,138,0,0,0,"No")++
1`(1897,"Chemistery",53,926,890,171,44,161,157,160,151,"No")++
1`(1898,"Chemistery",51,678,731,126,158,130,119,111,46,"No")++
1`(1899,"Chemistery",62,909,930,167,176,155,166,175,44,"No")++
1`(1900,"Chemistery",70,954,1012,173,183,48,196,183,183,"Yes")++
1`(1901,"Chemistery",43,905,890,152,173,171,160,46,148,"No")++
1`(1902,"Chemistery",59,731,889,151,171,39,140,174,169,"No")++
1`(1903,"Chemistery",58,883,1028,136,196,194,0,191,0,"Yes")++
1`(1904,"Chemistery",59,872,840,0,0,0,0,0,0,"No")++
1`(1905,"Chemistery",47,807,753,52,73,57,61,70,43,"No")++
1`(1906,"Chemistery",75,845,983,160,178,97,190,177,181,"Yes")++
1`(1907,"Chemistery",60,844,857,0,0,0,0,0,0,"No")++
1`(1908,"Chemistery",52,709,850,154,142,48,160,154,152,"No")++
1`(1909,"Chemistery",0,815,993,169,164,48,187,195,184,"No")++
1`(1910,"Chemistery",46,840,811,0,0,0,0,0,0,"No")++
1`(1911,"Chemistery",63,956,962,157,166,183,180,186,45,"No")++
1`(1912,"Chemistery",54,977,926,156,158,47,145,189,185,"No")++
1`(1913,"Chemistery",91,832,935,170,178,173,45,184,45,"Yes")++
1`(1914,"Chemistery",43,736,622,0,0,0,0,0,0,"No")++
1`(1915,"Chemistery",42,927,880,161,160,152,161,158,41,"No")++
1`(1916,"Chemistery",49,826,793,126,143,130,149,0,0,"No")++
1`(1917,"Chemistery",55,827,856,173,175,42,121,44,171,"No")++
1`(1918,"Chemistery",52,885,941,155,158,42,176,172,185,"No")++
1`(1919,"Chemistery",1,880,885,143,45,160,164,170,159,"No")++
1`(1920,"Chemistery",50,771,880,130,174,158,174,77,167,"No")++
1`(1921,"Chemistery",55,879,903,182,164,171,0,0,0,"No")++
1`(1922,"Chemistery",47,836,720,142,136,129,102,127,88,"No")++
1`(1923,"Chemistery",64,893,838,148,162,162,141,0,0,"No")++
1`(1924,"Chemistery",50,877,825,151,138,45,152,131,163,"No")++
1`(1925,"Chemistery",55,890,930,153,170,86,190,166,165,"No")++
1`(1926,"Chemistery",57,914,864,165,127,187,136,157,46,"No")++
1`(1927,"Chemistery",52,895,915,175,177,146,163,45,164,"No")++
1`(1928,"Chemistery",49,931,925,151,178,161,179,161,49,"No")++
1`(1929,"Chemistery",61,876,907,158,177,163,122,0,0,"No")++
1`(1930,"Chemistery",54,744,680,113,115,102,137,0,0,"No")++
1`(1931,"Chemistery",57,840,810,146,137,144,141,151,48,"No")++
1`(1932,"Chemistery",52,779,802,124,158,86,143,146,145,"No")++
1`(1933,"Chemistery",54,730,758,138,0,0,0,0,0,"No")++
1`(1934,"Chemistery",53,855,795,142,146,43,142,144,135,"No")++
1`(1935,"Chemistery",51,919,878,155,154,163,158,47,159,"No")++
1`(1936,"Chemistery",51,714,821,145,170,137,147,136,44,"No")++
1`(1937,"Chemistery",76,683,896,145,139,44,43,181,173,"No")++
1`(1938,"Chemistery",50,852,917,155,143,42,185,173,174,"No")++
1`(1939,"Chemistery",0,741,712,140,134,145,95,86,112,"No")++
1`(1940,"Chemistery",55,745,683,147,126,91,120,43,116,"No")++
1`(1941,"Chemistery",52,840,767,128,133,131,47,129,42,"No")++
1`(1942,"Chemistery",55,910,929,166,160,164,175,47,176,"No")++
1`(1943,"Chemistery",57,755,988,162,185,46,180,187,183,"Yes")++
1`(1944,"Chemistery",51,955,948,179,185,166,43,183,152,"No")++
1`(1945,"Chemistery",50,892,869,150,159,168,148,156,88,"No")++
1`(1946,"Chemistery",59,800,805,63,64,82,85,74,93,"No")++
1`(1947,"Chemistery",58,920,947,165,159,192,47,175,162,"No")++
1`(1948,"Chemistery",64,953,969,160,0,183,0,0,0,"Yes")++
1`(1949,"Chemistery",54,897,915,153,178,41,170,177,153,"No")++
1`(1950,"Chemistery",66,964,838,140,137,147,173,160,81,"No")++
1`(1951,"Chemistery",50,857,753,121,118,82,153,133,146,"No")++
1`(1952,"Chemistery",42,831,877,159,162,161,158,152,42,"No")++
1`(1953,"Chemistery",45,846,780,154,148,136,138,42,127,"No")++
1`(1954,"Chemistery",46,652,822,162,0,160,0,161,0,"No")++
1`(1955,"Chemistery",62,807,909,148,142,48,176,186,164,"No")++
1`(1956,"Chemistery",52,898,939,167,155,90,173,165,189,"No")++
1`(1957,"Chemistery",52,837,739,148,125,122,140,132,72,"No")++
1`(1958,"Chemistery",49,934,966,0,0,0,0,0,0,"No")++
1`(1959,"Chemistery",62,881,889,165,149,41,168,155,166,"No")++
1`(1960,"Chemistery",52,778,645,111,113,107,123,112,43,"No")++
1`(1961,"Chemistery",52,808,905,181,150,144,168,168,46,"No")++
1`(1962,"Chemistery",48,771,664,126,118,119,120,40,109,"No")++
1`(1963,"Chemistery",56,765,873,167,45,157,162,146,151,"No")++
1`(1964,"Chemistery",52,740,850,121,162,154,143,45,182,"No")++
1`(1965,"Chemistery",47,727,775,149,119,48,129,139,145,"No")++
1`(1966,"Chemistery",41,793,798,146,115,155,140,153,0,"No")++
1`(1967,"Chemistery",48,821,814,131,154,35,175,137,143,"No")++
1`(1968,"Chemistery",71,848,995,163,185,173,184,195,0,"Yes")++
1`(1969,"Chemistery",72,958,911,149,165,81,175,169,172,"No")++
1`(1970,"Chemistery",51,829,803,151,117,38,174,129,152,"No")++
1`(1971,"Chemistery",46,594,688,140,138,116,0,0,0,"No")++
1`(1972,"Chemistery",55,871,913,141,166,40,176,171,181,"No")++
1`(1973,"Chemistery",52,857,958,150,171,49,183,192,170,"No")++
1`(1974,"Chemistery",63,914,857,146,164,40,171,127,167,"No")++
1`(1975,"Chemistery",54,709,742,143,160,128,119,46,108,"No")++
1`(1976,"Chemistery",52,880,834,167,136,148,138,166,42,"No")++
1`(1977,"Chemistery",55,770,894,164,141,183,156,162,46,"No")++
1`(1978,"Chemistery",18,843,767,132,137,78,115,144,161,"No")++
1`(1979,"Chemistery",51,748,871,165,164,150,141,45,165,"No")++
1`(1980,"Chemistery",42,860,895,150,159,156,177,47,164,"No")++
1`(1981,"Chemistery",50,928,962,194,45,175,159,173,170,"No")++
1`(1982,"Chemistery",53,876,789,0,0,0,0,0,0,"No")++
1`(1983,"Chemistery",53,771,772,120,155,116,146,153,0,"No")++
1`(1984,"Chemistery",54,839,786,107,140,151,173,43,131,"No")++
1`(1985,"Chemistery",52,697,697,133,115,121,120,42,124,"No")++
1`(1986,"Chemistery",56,911,866,157,163,148,164,0,0,"No")++
1`(1987,"Chemistery",58,798,939,147,156,48,174,188,179,"No")++
1`(1988,"Chemistery",42,877,949,180,172,185,42,165,159,"No")++
1`(1989,"Chemistery",40,760,756,125,120,133,147,152,41,"No")++
1`(1990,"Chemistery",52,779,802,124,158,86,143,146,145,"No")++
1`(1991,"Chemistery",54,730,758,138,0,0,0,0,0,"No")++
1`(1992,"Chemistery",73,919,943,75,75,84,46,73,80,"No")++
1`(1993,"Chemistery",59,858,882,157,127,45,175,172,160,"No")++
1`(1994,"Chemistery",0,657,871,148,109,163,184,173,48,"No")++
1`(1995,"Chemistery",0,923,751,139,139,128,121,132,46,"No")++
1`(1996,"Chemistery",50,759,818,149,136,153,169,41,130,"No")++
1`(1997,"Chemistery",48,684,751,131,127,69,140,144,140,"No")++
1`(1998,"Chemistery",43,847,879,158,144,46,164,148,176,"No")++
1`(1999,"Chemistery",56,955,959,1,1,2,3,5,6,"No")++
1`(2000,"Chemistery",54,916,886,143,142,45,152,180,178,"No")++
1`(2001,"Chemistery",62,820,706,144,106,118,0,0,0,"No")++
1`(2002,"Chemistery",62,829,855,158,152,166,139,145,46,"No")++
1`(2003,"Chemistery",0,793,921,0,0,0,0,0,0,"No")++
1`(2004,"Chemistery",54,840,887,148,173,165,160,156,44,"No")++
1`(2005,"Chemistery",47,974,913,140,173,154,183,171,45,"No")++
1`(2006,"Chemistery",70,982,975,189,180,186,171,46,45,"Yes")++
1`(2007,"Chemistery",46,849,813,156,141,136,138,0,0,"No")++
1`(2008,"Chemistery",54,815,711,133,132,39,114,41,113,"No")++
1`(2009,"Chemistery",54,859,948,174,183,171,0,0,0,"No")++
1`(2010,"Chemistery",53,846,888,149,47,37,174,171,167,"No")++
1`(2011,"Chemistery",60,947,980,192,184,170,0,0,0,"Yes")++
1`(2012,"Chemistery",54,836,868,130,157,158,157,179,44,"No")++
1`(2013,"Chemistery",55,813,806,0,0,0,0,0,0,"No")++
1`(2014,"Chemistery",56,797,790,167,0,0,0,0,0,"No")++
1`(2015,"Chemistery",104,891,901,0,167,0,176,0,153,"No")++
1`(2016,"Chemistery",60,916,910,169,0,180,0,164,0,"No")++
1`(2017,"Chemistery",53,841,924,172,162,172,44,160,44,"No")++
1`(2018,"Chemistery",59,960,979,171,172,178,192,171,0,"Yes")++
1`(2019,"Chemistery",0,866,981,165,179,46,186,186,178,"No")++
1`(2020,"Chemistery",54,799,805,151,141,137,162,44,125,"No")++
1`(2021,"Chemistery",57,790,605,0,0,0,0,0,0,"No")++
1`(2022,"Chemistery",56,818,919,175,181,139,160,172,92,"No")++
1`(2023,"Chemistery",38,728,790,175,105,149,43,133,143,"No")++
1`(2024,"Chemistery",63,853,820,120,141,168,142,166,44,"No")++
1`(2025,"Chemistery",54,784,867,145,137,162,178,41,48,"No")++
1`(2026,"Chemistery",1,936,933,153,156,45,175,177,184,"No")++
1`(2027,"Chemistery",54,785,747,0,0,0,0,0,0,"No")++
1`(2028,"Chemistery",60,776,783,144,154,128,138,136,43,"No")++
1`(2029,"Chemistery",46,961,931,150,156,48,180,183,171,"No")++
1`(2030,"Chemistery",69,893,969,175,192,142,188,47,179,"Yes")++
1`(2031,"Chemistery",60,884,878,149,165,163,164,148,0,"No")++
1`(2032,"Chemistery",69,833,924,181,164,172,149,171,87,"No")++
1`(2033,"Chemistery",0,917,778,133,44,141,142,131,144,"No")++
1`(2034,"Chemistery",47,825,834,152,137,137,164,157,44,"No")++
1`(2035,"Chemistery",62,911,986,0,0,0,0,0,0,"Yes")++
1`(2036,"Chemistery",0,917,778,133,43,141,142,131,144,"No")++
1`(2037,"Chemistery",0,649,745,134,117,90,139,146,119,"No")++
1`(2038,"Chemistery",55,951,950,186,166,173,95,184,155,"No")++
1`(2039,"Chemistery",46,756,834,151,145,158,168,126,44,"No")++
1`(2040,"Chemistery",72,911,951,153,159,88,189,172,190,"No")++
1`(2041,"Chemistery",66,802,910,173,175,178,148,148,42,"No")++
1`(2042,"Chemistery",45,675,777,161,133,148,144,104,0,"No")++
1`(2043,"Chemistery",55,894,785,0,0,0,0,0,0,"No")++
1`(2044,"Chemistery",49,827,696,100,165,131,47,114,96,"No")++
1`(2045,"Chemistery",67,926,906,182,159,140,181,154,49,"No")++
1`(2046,"Chemistery",55,760,833,149,143,133,172,152,40,"No")++
1`(2047,"Chemistery",58,942,890,175,138,165,160,167,85,"No")++
1`(2048,"Chemistery",23,950,891,151,134,48,171,47,170,"No")++
1`(2049,"Chemistery",0,717,788,161,152,36,137,109,150,"No")++
1`(2050,"Chemistery",53,706,768,155,116,145,124,139,44,"No")++
1`(2051,"Chemistery",67,926,906,182,159,140,181,154,49,"No")++
1`(2052,"Chemistery",65,848,937,187,162,172,162,162,46,"No")++
1`(2053,"Chemistery",59,929,860,145,42,131,152,45,162,"No")++
1`(2054,"Chemistery",55,760,833,149,143,133,172,152,40,"No")++
1`(2055,"Chemistery",58,879,722,152,168,121,83,110,0,"No")++
1`(2056,"Chemistery",55,865,783,150,132,133,132,156,41,"No")++
1`(2057,"Chemistery",65,921,980,164,179,49,175,177,189,"Yes")++
1`(2058,"Chemistery",53,682,767,129,44,31,148,130,141,"No")++
1`(2059,"Chemistery",0,948,790,154,130,160,154,42,108,"No")++
1`(2060,"Chemistery",54,889,833,155,131,159,126,176,46,"No")++
1`(2061,"Chemistery",51,933,1007,191,181,190,166,181,0,"Yes")++
1`(2062,"Chemistery",54,966,960,0,0,0,0,0,0,"No")++
1`(2063,"Chemistery",0,845,935,0,0,0,0,0,0,"No")++
1`(2064,"Chemistery",45,675,777,161,133,148,144,104,0,"No")++
1`(2065,"Chemistery",61,769,684,128,107,132,115,42,127,"No")++
1`(2066,"Chemistery",70,905,930,164,158,45,180,181,157,"No")++
1`(2067,"Chemistery",51,745,865,162,130,147,163,47,170,"No")++
1`(2068,"Chemistery",55,847,869,146,146,160,142,181,94,"No")++
1`(2069,"Chemistery",48,770,764,115,110,164,152,149,38,"No")++
1`(2070,"Chemistery",57,710,835,124,143,159,161,44,158,"No")++
1`(2071,"Chemistery",67,926,928,154,180,90,173,150,181,"No")++
1`(2072,"Chemistery",48,629,827,132,150,142,144,163,48,"No")++
1`(2073,"Chemistery",50,958,980,155,175,93,186,193,178,"Yes")++
1`(2074,"Chemistery",0,880,917,177,164,46,160,47,152,"No")++
1`(2075,"Chemistery",50,924,938,157,152,184,179,173,48,"No")++
1`(2076,"Chemistery",60,873,748,120,137,114,151,142,42,"No")++
1`(2077,"Chemistery",54,793,772,124,132,117,0,0,0,"No")++
1`(2078,"Chemistery",49,827,696,100,165,131,47,114,96,"No")++
1`(2079,"Chemistery",51,892,807,47,141,155,127,137,152,"No")++
1`(2080,"Chemistery",50,848,845,152,148,150,139,175,43,"No")++
1`(2081,"Chemistery",59,947,975,162,45,48,190,189,184,"Yes")++
1`(2082,"Chemistery",72,877,981,172,48,49,174,185,177,"Yes")++
1`(2083,"Chemistery",46,888,877,144,160,164,177,142,90,"No")++
1`(2084,"Chemistery",52,715,747,135,0,150,0,123,0,"No")++
1`(2085,"Chemistery",60,898,951,169,191,174,144,185,0,"No")++
1`(2086,"Chemistery",40,884,958,173,155,48,178,176,180,"No")++
1`(2087,"Chemistery",51,895,834,0,0,0,0,0,0,"No")++
1`(2088,"Chemistery",46,834,826,0,0,0,0,0,0,"No")++
1`(2089,"Chemistery",54,923,842,0,0,0,0,0,0,"No")++
1`(2090,"Chemistery",51,735,657,144,119,114,99,40,101,"No")++
1`(2091,"Chemistery",58,753,908,163,182,150,145,39,188,"No")++
1`(2092,"Chemistery",71,774,877,158,161,44,43,154,161,"No")++
1`(2093,"Chemistery",57,735,637,115,136,84,101,103,98,"No")++
1`(2094,"Chemistery",44,895,882,144,162,175,164,150,46,"No")++
1`(2095,"Chemistery",45,949,947,164,184,175,178,154,47,"No")++
1`(2096,"Chemistery",60,850,958,0,0,0,0,0,0,"No")++
1`(2097,"Chemistery",0,815,601,99,95,101,101,132,41,"No")++
1`(2098,"Chemistery",75,942,919,167,165,155,171,167,48,"No")++
1`(2099,"Chemistery",58,811,984,182,160,179,186,185,92,"Yes")++
1`(2100,"Chemistery",0,952,891,164,141,43,140,46,189,"No")++
1`(2101,"Chemistery",0,843,979,170,161,190,186,182,45,"No")++
1`(2102,"Chemistery",71,922,971,147,180,49,176,188,185,"Yes")++
1`(2103,"Chemistery",62,889,944,178,190,157,172,47,157,"No")++
1`(2104,"Chemistery",0,942,915,175,174,148,157,173,42,"No")++
1`(2105,"Chemistery",76,912,967,153,182,179,174,185,46,"Yes")++
1`(2106,"Chemistery",36,861,897,159,154,41,183,141,171,"No")++
1`(2107,"Chemistery",63,746,844,131,143,168,155,155,49,"No")++
1`(2108,"Chemistery",58,774,901,155,154,88,174,159,171,"No")++
1`(2109,"Chemistery",70,784,731,147,165,45,106,96,130,"No")++
1`(2110,"Chemistery",71,930,982,174,195,185,180,0,0,"Yes")++
1`(2111,"Chemistery",45,844,886,145,160,46,162,178,150,"No")++
1`(2112,"Chemistery",53,672,868,171,46,156,48,150,149,"No")++
1`(2113,"Chemistery",50,858,891,156,147,171,162,162,44,"No")++
1`(2114,"Chemistery",49,922,812,143,139,132,141,168,45,"No")++
1`(2115,"Chemistery",57,824,947,149,46,49,171,191,189,"No")++
1`(2116,"Chemistery",48,929,790,150,142,141,153,121,0,"No")++
1`(2117,"Chemistery",46,861,879,175,169,146,162,0,0,"No")++
1`(2118,"Chemistery",50,865,897,145,155,168,163,177,46,"No")++
1`(2119,"Chemistery",54,855,757,129,113,132,133,165,46,"No")++
1`(2120,"Chemistery",48,798,937,157,174,184,184,0,0,"No")++
1`(2121,"Chemistery",50,870,677,132,120,105,118,110,92,"No")++
1`(2122,"Chemistery",58,784,936,175,159,189,0,0,0,"No")++
1`(2123,"Chemistery",58,940,852,134,143,161,167,0,0,"No")++
1`(2124,"Chemistery",77,954,969,170,166,182,172,43,182,"Yes")++
1`(2125,"Chemistery",58,868,942,170,188,184,0,0,0,"No")++
1`(2126,"Chemistery",61,956,981,174,185,184,185,158,47,"Yes")++
1`(2127,"Chemistery",68,891,891,164,150,43,171,182,136,"No")++
1`(2128,"Chemistery",0,828,914,160,165,157,44,182,160,"No")++
1`(2129,"Chemistery",54,814,801,0,0,0,0,0,0,"No")++
1`(2130,"Chemistery",57,861,809,167,122,151,138,0,0,"No")++
1`(2131,"Chemistery",55,866,898,148,46,43,162,174,169,"No")++
1`(2132,"Chemistery",62,827,835,151,46,138,135,164,157,"No")++
1`(2133,"Chemistery",0,957,984,170,189,190,182,164,47,"No")++
1`(2134,"Chemistery",0,970,921,170,169,164,163,165,0,"No")++
1`(2135,"Chemistery",71,962,944,162,170,46,152,182,187,"No")++
1`(2136,"Chemistery",59,912,867,152,146,160,169,156,44,"No")++
1`(2137,"Chemistery",55,894,785,0,0,0,0,0,0,"No")++
1`(2138,"Chemistery",71,958,991,190,173,186,158,190,50,"Yes")++
1`(2139,"Chemistery",66,929,880,147,152,178,161,42,43,"No")++
1`(2140,"Chemistery",59,828,807,133,155,86,142,132,159,"No")++
1`(2141,"Chemistery",54,703,814,139,0,0,0,0,0,"No")++
1`(2142,"Chemistery",53,939,938,169,152,167,177,184,43,"No")++
1`(2143,"Chemistery",50,833,847,134,43,146,165,171,144,"No")++
1`(2144,"Chemistery",66,987,1034,0,0,0,0,0,0,"Yes")++
1`(2145,"Chemistery",50,787,850,130,170,40,157,164,152,"No")++
1`(2146,"Chemistery",52,795,755,146,101,159,38,40,156,"No")++
1`(2147,"Chemistery",71,958,991,190,173,186,158,190,50,"Yes")++
1`(2148,"Chemistery",66,929,880,147,152,178,161,42,43,"No")++
1`(2149,"Chemistery",51,947,828,179,127,130,145,0,0,"No")